"","name","key","decimalLatitude","decimalLongitude","issues"
"1","Siparuna guianensis",1847972218,-22.361667,-43.7825,"cdround,gass84"
"2","Siparuna guianensis",1847972134,-22.361667,-43.7275,"cdround,gass84"
"3","Siparuna guianensis",1946020466,-21.733333,-43.366667,"gass84"
"4","Siparuna guianensis",1913596368,-12.988422,-55.920275,"gass84"
"5","Siparuna guianensis",1987023973,-17.541111,-40.046389,"cdround,gass84"
"6","Siparuna guianensis",2005001548,-8.551872,-35.147736,"gass84"
"7","Siparuna guianensis",1819185089,-21.540833,-41.9325,"cdround,gass84"
"8","Siparuna guianensis",1840925974,-12.785044,-54.680831,"gass84"
"9","Siparuna guianensis",1930319086,-3.93622,-54.8705,"gass84"
"10","Siparuna guianensis",1587332002,-8.080628,-35.011167,"gass84"
"11","Siparuna guianensis",1932883835,1.09,-74.27,"gass84"
"12","Siparuna guianensis",1587329738,-13.66752,-47.82082,"gass84"
"13","Siparuna guianensis",1587331992,-8.081,-35.008778,"gass84"
"14","Siparuna guianensis",1676572584,-1.622603,-48.120058,"gass84"
"15","Siparuna guianensis",1702658291,-7.267861,-47.033444,"gass84"
"16","Siparuna guianensis",1801187858,-1.4305,-48.4565,"gass84"
"17","Siparuna guianensis",2013909014,-1.430556,-48.456389,"cdround,gass84"
"18","Siparuna guianensis",2005919034,-22.780183,-43.159195,"gass84"
"19","Siparuna guianensis",2005918529,-22.7801,-43.1609,"gass84"
"20","Siparuna guianensis",1853945957,-11.260278,-55.413611,"gass84"
"21","Siparuna guianensis",1701060478,5.561389,-68.449778,"cdround"
"22","Siparuna guianensis",1932861959,-7.5852,-49.2647,"gass84"
"23","Siparuna guianensis",1837397154,-7.981111,-49.446389,"gass84"
"24","Siparuna guianensis",1699426116,-12.683333,-41.166667,"gass84"
"25","Siparuna guianensis",1944856345,-12.96,-47.88,"gass84"
"26","Siparuna guianensis",1853943089,-19.009167,-43.396389,"gass84"
"27","Siparuna guianensis",1848111635,-22.47,-44.311944,"gass84"
"28","Siparuna guianensis",1944855755,-15.776111,-48.311111,"gass84"
"29","Siparuna guianensis",1702658041,-8.836111,-49.37,"gass84"
"30","Siparuna guianensis",2005003194,-8.069722,-49.47175,"gass84"
"31","Siparuna guianensis",1844892252,-1.653056,-55.708333,"cdround,gass84"
"32","Siparuna guianensis",1801352880,-1.455781,-48.490197,"gass84"
"33","Siparuna guianensis",1978398904,-11.716111,-55.773333,"gass84"
"34","Siparuna guianensis",1819183189,-21.823056,-41.913056,"cdround,gass84"
"35","Siparuna guianensis",1929757271,-12.021011,-60.6859,"cdround,gass84"
"36","Siparuna guianensis",1803913051,5.84075,-68.667778,"cdround"
"37","Siparuna guianensis",1449783437,-22.696389,-42.631944,"cdround,gass84"
"38","Siparuna guianensis",1913566228,-18.912608,-43.420572,"gass84"
"39","Siparuna guianensis",1440665541,-22.6975,-42.704167,"cdround,gass84"
"40","Siparuna guianensis",1889176967,-9.209167,-56.963611,"gass84"
"41","Siparuna guianensis",1423909336,-20.423333,-40.479722,"cdround,gass84"
"42","Siparuna guianensis",1423908764,-22.448611,-42.712222,"cdround,gass84"
"43","Siparuna guianensis",1913580459,-21.027222,-52.354444,"gass84"
"44","Siparuna guianensis",1324953525,-12.466667,-41.266667,"gass84"
"45","Siparuna guianensis",1291822954,-19.783611,-40.565278,"gass84"
"46","Siparuna guianensis",1587329477,-7.073611,-47.095833,"cdround,gass84"
"47","Siparuna guianensis",1423921881,-20.689444,-41.373333,"cdround,gass84"
"48","Siparuna guianensis",1499624255,-1.828889,-50.640833,"gass84"
"49","Siparuna guianensis",1932884661,1.42,-75.88,"gass84"
"50","Siparuna guianensis",1303586179,-15.668094,-57.215111,"gass84"
"51","Siparuna guianensis",1585333753,-9.9875,-57.958611,"cdround,gass84"
"52","Siparuna guianensis",1803913827,5.728611,-68.480167,"cdround"
"53","Siparuna guianensis",1932885424,1.36,-74.17,"gass84"
"54","Siparuna guianensis",1932885067,1.37,-74.17,"gass84"
"55","Siparuna guianensis",1450973443,-15.64975,-57.206844,"gass84"
"56","Siparuna guianensis",1570685734,7.013611,-70.742861,"cdround"
"57","Siparuna guianensis",1837839085,-10.666667,-48.333333,"gass84"
"58","Siparuna guianensis",1993827647,-15.299167,-39.004444,"gass84"
"59","Siparuna guianensis",1438022811,-20.2575,-43.824722,"gass84"
"60","Siparuna guianensis",1840925992,-13.115456,-54.431189,"gass84"
"61","Siparuna guianensis",1450973423,-15.64975,-57.212889,"gass84"
"62","Siparuna guianensis",1853945629,-10.966944,-55.399167,"gass84"
"63","Siparuna guianensis",1978398726,-10.989722,-55.736111,"gass84"
"64","Siparuna guianensis",1077424603,-28.71,-49.77,"gass84"
"65","Siparuna guianensis",1423936506,-9.133056,-64.4975,"cdround,gass84"
"66","Siparuna guianensis",1707497968,7.268,-73.359,"gass84"
"67","Siparuna guianensis",1840925413,-9.865419,-58.218842,"gass84"
"68","Siparuna guianensis",1889176633,-10.006889,-56.174444,"gass84"
"69","Siparuna guianensis",1423903973,-22.456667,-44.544444,"cdround,gass84"
"70","Siparuna guianensis",1095854041,-20.890833,-47.585,"gass84"
"71","Siparuna guianensis",1090147841,-21.451111,-45.422222,"gass84"
"72","Siparuna guianensis",1413715202,-1.054222,-46.783194,"cdround,gass84"
"73","Siparuna guianensis",1563373346,6.276806,-71.767056,"cdround"
"74","Siparuna guianensis",1420318606,-11.676033,-47.718437,"gass84"
"75","Siparuna guianensis",1423916521,-11.895833,-45.600556,"cdround,gass84"
"76","Siparuna guianensis",1423916410,-10.413333,-47.108889,"cdround,gass84"
"77","Siparuna guianensis",1563373281,5.798889,-72.213472,"cdround"
"78","Siparuna guianensis",1423916474,-11.676111,-47.718333,"cdround,gass84"
"79","Siparuna guianensis",1413714891,-1.054139,-46.784056,"cdround,gass84"
"80","Siparuna guianensis",1932892080,3.61,-71.74,"gass84"
"81","Siparuna guianensis",1848251556,-20.293194,-46.905222,"gass84"
"82","Siparuna guianensis",1932885458,4.12,-71.29,"gass84"
"83","Siparuna guianensis",1328371914,4.12275,-71.293722,"cdround,gass84"
"84","Siparuna guianensis",1638731895,7.122111,-74.353806,"cdround"
"85","Siparuna guianensis",1098943069,-15.9325,-48.010278,"gass84"
"86","Siparuna guianensis",1142238637,7.934167,-74.787,""
"87","Siparuna guianensis",2005911392,-22.76742,-47.28142,"gass84"
"88","Siparuna guianensis",1913580307,-9.619444,-65.461944,"cdround,gass84"
"89","Siparuna guianensis",1563373416,5.793019,-72.160108,"cdround"
"90","Siparuna guianensis",1801350206,-10.813889,-55.579167,"gass84"
"91","Siparuna guianensis",1848246781,-10.973889,-55.415278,"gass84"
"92","Siparuna guianensis",1420315394,-21.5875,-47.304722,"gass84"
"93","Siparuna guianensis",1587328951,-6.950555,-47.371388,"cdround,gass84"
"94","Siparuna guianensis",1848247253,-22.14,-43.02,"gass84"
"95","Siparuna guianensis",1226938760,-9.260998,-35.83014,"gass84"
"96","Siparuna guianensis",1806863629,5.039,-54.083806,""
"97","Siparuna guianensis",1563169435,-21.588056,-47.298333,"gass84"
"98","Siparuna guianensis",1223127861,-14.755833,-56.409167,"gass84"
"99","Siparuna guianensis",1585333778,-9.802778,-58.6,"cdround,gass84"
"100","Siparuna guianensis",1587329229,-7.098889,-47.326666,"cdround,gass84"
"101","Siparuna guianensis",1322240312,5.03269,-54.0866,"gass84"
"102","Siparuna guianensis",1423909455,-22.3575,-49.0275,"gass84,preswcd"
"103","Siparuna guianensis",1440665730,-22.593889,-43.033889,"cdround,gass84"
"104","Siparuna guianensis",1324650744,1.15,-72.78,"gass84"
"105","Siparuna guianensis",1265910521,-17.181597,-48.209783,"gass84"
"106","Siparuna guianensis",1585333794,-9.4,-59.5,"gass84"
"107","Siparuna guianensis",1837387897,-3.417214,-55.622136,"gass84"
"108","Siparuna guianensis",1585333848,-11.208611,-57.233333,"cdround,gass84"
"109","Siparuna guianensis",1423902653,-9.138889,-64.635278,"cdround,gass84"
"110","Siparuna guianensis",1416797683,2.72,-73.74,"gass84"
"111","Siparuna guianensis",1928334081,-9.1389,-64.6353,"gass84"
"112","Siparuna guianensis",1928762406,-9.581258,-70.034744,"gass84"
"113","Siparuna guianensis",1135827153,-8.559167,-35.186111,"gass84"
"114","Siparuna guianensis",1932892136,2.72,-73.72,"gass84"
"115","Siparuna guianensis",1423902519,-8.828611,-64.075278,"cdround,gass84"
"116","Siparuna guianensis",1213525402,-15.641028,-57.205528,"gass84"
"117","Siparuna guianensis",1944200471,-22.6,-50.38,"cudc,gass84"
"118","Siparuna guianensis",1135827241,-8.555556,-35.148889,"gass84"
"119","Siparuna guianensis",1707494610,5.508306,-67.668111,"cdround,gass84"
"120","Siparuna guianensis",1063862008,5.246378,-67.8557,"cdround,gass84"
"121","Siparuna guianensis",1318127967,4.15461,-59.0613,"gass84"
"122","Siparuna guianensis",1324651046,2.49,-72.63,"gass84"
"123","Siparuna guianensis",1143428504,-16.018056,-57.549722,"gass84"
"124","Siparuna guianensis",1416802305,2.51,-72.71,"gass84"
"125","Siparuna guianensis",1147307140,2.49,-72.7,"gass84"
"126","Siparuna guianensis",1416802064,2.49,-72.65,"gass84"
"127","Siparuna guianensis",1499617550,-13.39339,-60.43527,"gass84"
"128","Siparuna guianensis",1147306438,0.92,-71.11,"gass84"
"129","Siparuna guianensis",1213675695,-13.659417,-60.731306,"gass84"
"130","Siparuna guianensis",1944978154,-17.820278,-39.600556,"gass84"
"131","Siparuna guianensis",1707496141,3.9431,-77.16795,"gass84"
"132","Siparuna guianensis",1052768630,3.9442,-77.16653,"gass84"
"133","Siparuna guianensis",1143428528,-15.650806,-57.213806,"gass84"
"134","Siparuna guianensis",1090832467,-19.574722,-47.96,"gass84"
"135","Siparuna guianensis",1944981830,-17.82,-39.419444,"gass84"
"136","Siparuna guianensis",1077247651,-14.744167,-42.571944,"gass84"
"137","Siparuna guianensis",1944978255,-13.320556,-39.599722,"gass84"
"138","Siparuna guianensis",1098473049,-15.5,-55.583333,"gass84"
"139","Siparuna guianensis",1944978233,-17.100556,-39.599722,"gass84"
"140","Siparuna guianensis",1837379562,-17.4525,-52.132778,"gass84"
"141","Siparuna guianensis",1944982396,-14.399444,-39.960278,"gass84"
"142","Siparuna guianensis",1424500582,-3.179722,-51.784167,"cdround,gass84"
"143","Siparuna guianensis",1213676691,-10.966389,-55.724444,"gass84"
"144","Siparuna guianensis",1989560370,-10.9825,-55.7225,"gass84"
"145","Siparuna guianensis",1848246728,-11.005556,-55.523333,"gass84"
"146","Siparuna guianensis",1848246705,-10.9575,-55.760556,"gass84"
"147","Siparuna guianensis",1978410070,-10,-55,"gass84"
"148","Siparuna guianensis",1424500577,-3.178056,-51.784167,"cdround,gass84"
"149","Siparuna guianensis",1944981799,-15.479722,-41.219444,"gass84"
"150","Siparuna guianensis",1707498152,6.360172,-71.895175,"cdround,gass84"
"151","Siparuna guianensis",1054614188,6.360389,-71.894917,"gass84"
"152","Siparuna guianensis",1944982296,-15.479722,-39.240278,"gass84"
"153","Siparuna guianensis",1424506243,-3.161111,-51.778611,"cdround,gass84"
"154","Siparuna guianensis",1077249584,-16.616667,-39.966667,"gass84"
"155","Siparuna guianensis",1902143821,-5.133333,-49.3,"cdround,gass84"
"156","Siparuna guianensis",1585333826,-11.52,-57.416667,"cdround,gass84"
"157","Siparuna guianensis",1563894989,-16.560278,-39.420278,"cdround,gass84"
"158","Siparuna guianensis",1944982451,-16.920278,-39.960556,"gass84"
"159","Siparuna guianensis",1147305505,1.49,-75.4,"gass84"
"160","Siparuna guianensis",1213669529,-15.954444,-47.941389,"gass84"
"161","Siparuna guianensis",2005908525,-23.2403,-46.8758,"gass84,preswcd"
"162","Siparuna guianensis",2005908521,-22.5182,-44.5022,"gass84,preswcd"
"163","Siparuna guianensis",2005908505,-22.477,-44.1488,"gass84,preswcd"
"164","Siparuna guianensis",2005908545,-22.4887,-44.3278,"gass84,preswcd"
"165","Siparuna guianensis",2005908506,-22.5903,-44.0871,"gass84,preswcd"
"166","Siparuna guianensis",1090892719,-4.241944,-55.978611,"gass84"
"167","Siparuna guianensis",2005908524,-22.7939,-45.287,"gass84,preswcd"
"168","Siparuna guianensis",1042711180,-5.229722,-56.93,"elmms,gass84,gdativ"
"169","Siparuna guianensis",2005908533,-22.4854,-44.6299,"gass84,preswcd"
"170","Siparuna guianensis",2005908526,-22.5959,-44.1389,"gass84,preswcd"
"171","Siparuna guianensis",2005908502,-22.5289,-44.8127,"gass84,preswcd"
"172","Siparuna guianensis",2005908484,-22.5215,-44.8076,"gass84,preswcd"
"173","Siparuna guianensis",2005908493,-22.9643,-47.1821,"gass84,preswcd"
"174","Siparuna guianensis",2005908518,-22.6471,-45.0495,"gass84,preswcd"
"175","Siparuna guianensis",2005908547,-22.5679,-44.0349,"gass84,preswcd"
"176","Siparuna guianensis",2005908559,-22.5034,-44.7153,"gass84,preswcd"
"177","Siparuna guianensis",2005908520,-23.2541,-46.0008,"gass84,preswcd"
"178","Siparuna guianensis",2005908519,-22.5732,-44.0993,"gass84,preswcd"
"179","Siparuna guianensis",1265926099,-15.954444,-47.941388,"gass84"
"180","Siparuna guianensis",2005908510,-22.5474,-44.8538,"gass84,preswcd"
"181","Siparuna guianensis",2005908499,-22.5262,-44.2232,"gass84,preswcd"
"182","Siparuna guianensis",2005908517,-22.606,-43.9423,"gass84,preswcd"
"183","Siparuna guianensis",1935008650,-18.463333,-52.012778,"gass84"
"184","Siparuna guianensis",2005908527,-22.5087,-44.8187,"gass84,preswcd"
"185","Siparuna guianensis",1707492720,6.381333,-71.917833,"cdround,gass84"
"186","Siparuna guianensis",1424438474,-21.516944,-41.929444,"cdround,gass84"
"187","Siparuna guianensis",1424459851,-21.491389,-41.847222,"cdround,gass84"
"188","Siparuna guianensis",1707690411,6.379222,-71.904889,"cdround,gass84"
"189","Siparuna guianensis",1324649801,-2.91,-69.76,"gass84"
"190","Siparuna guianensis",1095261639,-15.748333,-47.585277,"gass84"
"191","Siparuna guianensis",1424453821,-13.666944,-39.816111,"cdround,gass84"
"192","Siparuna guianensis",1123828968,-22.286389,-41.730556,"gass84"
"193","Siparuna guianensis",1095262754,-15.742222,-48.149722,"gass84"
"194","Siparuna guianensis",1095628584,-13.687611,-47.837694,"gass84"
"195","Siparuna guianensis",1094920309,-13.6875,-47.837778,"gass84"
"196","Siparuna guianensis",1424472715,-13.599722,-39.718333,"cdround,gass84"
"197","Siparuna guianensis",1587319366,-9.227494,-35.857983,"gass84"
"198","Siparuna guianensis",1424493560,-1.483333,-61,"cdround,gass84"
"199","Siparuna guianensis",1423916395,-0.794444,-61.557222,"cdround,gass84"
"200","Siparuna guianensis",1094930089,-22.14,-42.3,"gass84"
"201","Siparuna guianensis",1042709277,-0.79436,-61.56,"gass84,gdativ"
"202","Siparuna guianensis",1424472497,-11.187222,-62.118611,"cdround,gass84"
"203","Siparuna guianensis",1143428555,-15.638611,-57.204139,"gass84"
"204","Siparuna guianensis",1423916471,-23.102778,-47.020278,"cdround,gass84"
"205","Siparuna guianensis",1213676708,-10.967778,-55.776389,"gass84"
"206","Siparuna guianensis",1893216426,-18.074444,-39.661667,"cdround,gass84"
"207","Siparuna guianensis",1801348801,-9.894528,-55.997833,"gass84,preneglat,preneglon"
"208","Siparuna guianensis",2027497150,-11.023761,-55.723439,"gass84"
"209","Siparuna guianensis",2027497176,-11.023694,-55.723111,"gass84"
"210","Siparuna guianensis",1890644438,-18.999167,-40.234722,"gass84"
"211","Siparuna guianensis",1893216482,-16.838055,-39.628056,"cdround,gass84"
"212","Siparuna guianensis",2027497179,-11.024111,-55.721611,"gass84"
"213","Siparuna guianensis",1424502898,-12.021111,-60.685833,"cdround,gass84"
"214","Siparuna guianensis",1801348785,-9.947944,-56.059583,"gass84,preneglat,preneglon"
"215","Siparuna guianensis",1801348784,-9.885333,-55.995917,"gass84,preneglat,preneglon"
"216","Siparuna guianensis",1913568548,-6.461111,-50.321944,"gass84"
"217","Siparuna guianensis",1213650477,-15.972222,-47.491944,"gass84"
"218","Siparuna guianensis",2027495187,-9.316111,-56.828333,"gass84"
"219","Siparuna guianensis",1571261272,-3.843611,-73.378056,"gass84"
"220","Siparuna guianensis",1090580393,-22.855773,-47.093013,"gass84"
"221","Siparuna guianensis",1571263666,-4.904167,-73.625278,"gass84"
"222","Siparuna guianensis",1095258454,-15.969444,-47.489722,"gass84"
"223","Siparuna guianensis",1571262031,-4.902778,-73.625278,"gass84"
"224","Siparuna guianensis",1424513694,-15.15,-39.083333,"cdround,gass84"
"225","Siparuna guianensis",1585191879,-23.432703,-47.158369,"gass84"
"226","Siparuna guianensis",1707492611,6.200944,-69.080472,"cdround,gass84"
"227","Siparuna guianensis",1095258483,-15.761666,-47.643055,"gass84"
"228","Siparuna guianensis",1707492627,6.182028,-68.468222,"cdround,gass84"
"229","Siparuna guianensis",1707492662,6.062639,-69.439111,"cdround,gass84"
"230","Siparuna guianensis",1094917816,-9.278056,-64.491111,"gass84"
"231","Siparuna guianensis",1123900457,5.871139,-74.86225,"cdround"
"232","Siparuna guianensis",1095256900,-9.278055,-64.491111,"cdround,gass84"
"233","Siparuna guianensis",1090530434,-15.761667,-47.643056,"gass84"
"234","Siparuna guianensis",1423911431,-22.696944,-43.937222,"cdround,gass84"
"235","Siparuna guianensis",1707490556,6.198889,-69.088528,"cdround,gass84"
"236","Siparuna guianensis",1123900498,5.866,-74.862444,"cdround"
"237","Siparuna guianensis",1042700967,-9.278056,-64.49,"elmms,gass84,gdativ"
"238","Siparuna guianensis",2027495361,-9.344444,-56.776944,"gass84"
"239","Siparuna guianensis",1090530431,-15.753056,-47.6425,"gass84"
"240","Siparuna guianensis",1840932953,-22.978039,-45.634842,"gass84"
"241","Siparuna guianensis",1095258488,-15.753055,-47.6425,"gass84"
"242","Siparuna guianensis",1087079318,-6.975278,-35.721667,"cdround,gass84"
"243","Siparuna guianensis",1077241137,-12.966667,-38.5,"gass84"
"244","Siparuna guianensis",1265926531,-15.7425,-48.149722,"gass84"
"245","Siparuna guianensis",1123828372,-20.308417,-40.488389,"gass84"
"246","Siparuna guianensis",1123828335,-20.297611,-40.451806,"gass84"
"247","Siparuna guianensis",1077476185,-23.912694,-52.747528,"gass84"
"248","Siparuna guianensis",1077241730,-14.686667,-43.390556,"gass84"
"249","Siparuna guianensis",1570684310,6.248675,-70.509939,"cdround"
"250","Siparuna guianensis",1090530150,-15.761389,-47.643056,"gass84"
"251","Siparuna guianensis",1089277298,-22.617806,-52.849083,"gass84"
"252","Siparuna guianensis",1095258618,-15.761388,-47.643055,"gass84"
"253","Siparuna guianensis",1569229983,-18.373306,-40.876639,"gass84"
"254","Siparuna guianensis",1913601295,-14.686667,-42.557222,"gass84"
"255","Siparuna guianensis",1707495819,7.154267,-73.855583,"cdround,gass84"
"256","Siparuna guianensis",1440782627,-20.0825,-41.248333,"gass84"
"257","Siparuna guianensis",1837387434,-3.668028,-61.253308,"gass84"
"258","Siparuna guianensis",1077476496,-23.9125,-52.750111,"gass84"
"259","Siparuna guianensis",1213668325,-17.6745,-49.4217,"gass84"
"260","Siparuna guianensis",1702643924,-17.714722,-50.094167,"gass84"
"261","Siparuna guianensis",1147304937,2.47,-72.67,"gass84"
"262","Siparuna guianensis",1213667062,-17.771389,-50.068611,"gass84"
"263","Siparuna guianensis",1213669032,-17.7214,-50.1158,"gass84"
"264","Siparuna guianensis",1262199356,-1.517611,-73.816167,"cdround,gass84"
"265","Siparuna guianensis",1701755396,-1.79039,-73.41142,"gass84"
"266","Siparuna guianensis",1123901349,5.554056,-74.893056,"cdround"
"267","Siparuna guianensis",1424478803,-15.459722,-55.904444,"cdround,gass84,muluriiv"
"268","Siparuna guianensis",1095854967,-14.107,-60.413794,"gass84"
"269","Siparuna guianensis",1090667069,-9.108611,-57.836389,"gass84"
"270","Siparuna guianensis",1913569463,-6.470556,-50.328889,"gass84"
"271","Siparuna guianensis",1095270126,-1.11819,-61.57958,"gass84"
"272","Siparuna guianensis",1913569379,-6.463333,-50.324167,"gass84"
"273","Siparuna guianensis",1123901394,5.557778,-74.924444,"cdround"
"274","Siparuna guianensis",1095261395,-15.950555,-48.123611,"gass84"
"275","Siparuna guianensis",1095270053,-1.112473,-61.583394,"gass84"
"276","Siparuna guianensis",1707493012,8.492466,-72.713211,"cdround,gass84"
"277","Siparuna guianensis",1707488828,5.055333,-72.816333,"cdround,gass84"
"278","Siparuna guianensis",1123824771,-19.351333,-40.548194,"gass84"
"279","Siparuna guianensis",1089096210,-20.493111,-46.545667,"gass84"
"280","Siparuna guianensis",1257723674,4.836889,-56.850444,"cdround,gass84"
"281","Siparuna guianensis",1090154228,-3.002617,-47.353097,"gass84"
"282","Siparuna guianensis",1291012682,-19.889944,-43.368639,"gass84"
"283","Siparuna guianensis",768732285,2.32,-73.02,"gass84"
"284","Siparuna guianensis",1077238146,-12.933333,-39.516667,"gass84"
"285","Siparuna guianensis",1837800824,-10.126944,-66.901944,"cdround,gass84"
"286","Siparuna guianensis",1934711879,6.93,-74.19,"gass84"
"287","Siparuna guianensis",1930105539,1.659722,-75.606833,"cdround,gass84"
"288","Siparuna guianensis",768778091,1.65,-75.6,"gass84"
"289","Siparuna guianensis",768777770,1.7,-75.25,"gass84"
"290","Siparuna guianensis",1087078829,-7.905556,-35.049167,"cdround,gass84"
"291","Siparuna guianensis",1123899036,7.546783,-74.830575,"cdround"
"292","Siparuna guianensis",1123898872,6.205278,-74.810833,"cdround"
"293","Siparuna guianensis",1077579771,-8.401389,-35.678611,"gass84"
"294","Siparuna guianensis",1077303884,-9.483,-55.819278,"gass84"
"295","Siparuna guianensis",1213643090,-13.78475,-47.280778,"gass84"
"296","Siparuna guianensis",1090960425,-7.398306,-39.333167,"gass84"
"297","Siparuna guianensis",1424426520,0.851944,-63.575,"cdround,gass84,muluriiv"
"298","Siparuna guianensis",1847939760,-3.117089,-77.781983,"gass84"
"299","Siparuna guianensis",1424426491,0.859167,-63.333611,"cdround,gass84,muluriiv"
"300","Siparuna guianensis",1089255539,-7.298333,-39.541667,"gass84"
"301","Siparuna guianensis",1090143241,-21.066111,-44.109389,"gass84"
"302","Siparuna guianensis",2027494308,-9.311389,-56.794444,"gass84"
"303","Siparuna guianensis",1077239745,-14.793611,-39.083056,"gass84"
"304","Siparuna guianensis",2027493530,-10.005028,-60.123083,"gass84"
"305","Siparuna guianensis",1424472516,-9.271111,-64.479722,"cdround,gass84"
"306","Siparuna guianensis",2027494429,-9.329167,-56.782222,"gass84"
"307","Siparuna guianensis",1094912189,-9.271389,-64.48,"gass84"
"308","Siparuna guianensis",1087657719,-2.596389,-44.272778,"gass84"
"309","Siparuna guianensis",1424513658,-22.532778,-42.3075,"cdround,gass84"
"310","Siparuna guianensis",1424451216,-10.905278,-68.417222,"cdround,gass84"
"311","Siparuna guianensis",1806848284,-2.930333,-59.974611,"gass84"
"312","Siparuna guianensis",1089181379,-8.077778,-34.966667,"gass84"
"313","Siparuna guianensis",1929636249,-9.36621,-62.98591,"gass84"
"314","Siparuna guianensis",1928633505,-11.3744,-37.4314,"gass84"
"315","Siparuna guianensis",1042689001,1.827717,-61.02,"elmms,gass84,gdativ"
"316","Siparuna guianensis",1077608133,-8.951556,-35.893411,"gass84"
"317","Siparuna guianensis",1913567683,-6.329444,-50.457222,"gass84"
"318","Siparuna guianensis",1837387715,-4.488439,-57.954731,"gass84"
"319","Siparuna guianensis",1424371139,-22.491389,-42.711667,"cdround,gass84"
"320","Siparuna guianensis",1077579735,-7.970833,-34.122222,"gass84"
"321","Siparuna guianensis",1213607961,-15.861794,-47.828544,"gass84"
"322","Siparuna guianensis",1123822667,-18.573611,-40.993056,"gass84"
"323","Siparuna guianensis",1123896902,6.975278,-75.113889,"cdround"
"324","Siparuna guianensis",1086912334,-23.001667,-48.816944,"gass84"
"325","Siparuna guianensis",1090630954,-19.005016,-43.776008,"gass84"
"326","Siparuna guianensis",1090515524,-16.5,-39.25,"gass84"
"327","Siparuna guianensis",1424301949,-18.573611,-40.993055,"cdround,gass84"
"328","Siparuna guianensis",1424430174,1.521945,-50.935,"cdround,gass84"
"329","Siparuna guianensis",1090630952,-18.974952,-43.778358,"gass84"
"330","Siparuna guianensis",1424436668,-19.005,-43.776111,"cdround,gass84"
"331","Siparuna guianensis",1257697956,-15.46088,-68.356407,"cdround,gass84"
"332","Siparuna guianensis",1257698251,-15.456497,-68.355727,"cdround,gass84"
"333","Siparuna guianensis",1213620477,-15.901111,-51.557222,"gass84"
"334","Siparuna guianensis",1094879153,-12.016667,-38.033333,"gass84"
"335","Siparuna guianensis",1090529751,-5.503611,-48.191944,"gass84"
"336","Siparuna guianensis",1123897182,7.686111,-74.480278,"cdround"
"337","Siparuna guianensis",1090529867,-7.82,-47.265,"gass84"
"338","Siparuna guianensis",1090529604,-6.763611,-47.752778,"gass84"
"339","Siparuna guianensis",1424301576,-22.462778,-44.605833,"cdround,gass84"
"340","Siparuna guianensis",1424314301,-17.058611,-46.933056,"cdround,gass84"
"341","Siparuna guianensis",768776837,1.53,-75.7,"gass84"
"342","Siparuna guianensis",768724566,1.69,-75.62,"gass84"
"343","Siparuna guianensis",1456024169,5.54528,-60.9027,"gass84"
"344","Siparuna guianensis",1087650749,-18.968889,-49.465,"gass84"
"345","Siparuna guianensis",1087508280,-22.881111,-48.492222,"gass84"
"346","Siparuna guianensis",1123823040,-20.021667,-40.471111,"gass84"
"347","Siparuna guianensis",1087077421,-7.840833,-34.994444,"cdround,gass84"
"348","Siparuna guianensis",1089180866,-7.840917,-34.99445,"gass84"
"349","Siparuna guianensis",1424381106,-20.624722,-41.608056,"cdround,gass84"
"350","Siparuna guianensis",1707488578,4.813639,-71.660583,"cdround,gass84"
"351","Siparuna guianensis",1423916489,-5.316667,-61.998611,"cdround,gass84"
"352","Siparuna guianensis",1042688513,-5.31666,-62,"gass84,gdativ"
"353","Siparuna guianensis",1707488598,5.054333,-72.799861,"cdround,gass84"
"354","Siparuna guianensis",1707488698,4.828944,-71.665806,"cdround,gass84"
"355","Siparuna guianensis",1424381075,-20.458333,-41.613056,"cdround,gass84"
"356","Siparuna guianensis",1913568255,-6.390833,-50.321389,"gass84"
"357","Siparuna guianensis",1707488677,6.037194,-71.295472,"cdround,gass84"
"358","Siparuna guianensis",1324648162,1.66,-75.64,"gass84"
"359","Siparuna guianensis",1929351637,1.6656,-75.6467,"gass84"
"360","Siparuna guianensis",1424388190,-20.623056,-41.602222,"cdround,gass84"
"361","Siparuna guianensis",1424317732,-19.991667,-57.490278,"cdround,gass84"
"362","Siparuna guianensis",1424316158,-18.022778,-57.504167,"cdround,gass84"
"363","Siparuna guianensis",1424316719,-17.528056,-57.305556,"cdround,gass84"
"364","Siparuna guianensis",1707488830,5.354444,-70.7625,"cdround,gass84"
"365","Siparuna guianensis",1913578789,-18.022777,-57.504166,"gass84"
"366","Siparuna guianensis",1424318920,-17.994722,-57.486944,"cdround,gass84"
"367","Siparuna guianensis",1424317811,-17.873611,-57.555,"cdround,gass84"
"368","Siparuna guianensis",1913568354,-6.314722,-49.893889,"gass84"
"369","Siparuna guianensis",1089109104,-20.629444,-41.5975,"gass84"
"370","Siparuna guianensis",1087076448,-7.790833,-35.216111,"cdround,gass84"
"371","Siparuna guianensis",1095245503,-9.311667,-64.606111,"cdround,gass84"
"372","Siparuna guianensis",768775211,2.37,-72.69,"gass84"
"373","Siparuna guianensis",1090821328,-18.930833,-47.515278,"gass84"
"374","Siparuna guianensis",1424484541,-9.3,-64.6,"gass84"
"375","Siparuna guianensis",1989888325,-20.543611,-49.246389,"gass84,preneglat,preneglon"
"376","Siparuna guianensis",1090702520,-18.761944,-52.393056,"gass84"
"377","Siparuna guianensis",1316169894,-20.708056,-49.316389,"gass84"
"378","Siparuna guianensis",1424498594,-18.769444,-43.745833,"cdround,gass84,muluriiv"
"379","Siparuna guianensis",1424436656,-9.966667,-67.616667,"cdround,gass84"
"380","Siparuna guianensis",1989887870,-20.885,-48.540556,"gass84,preneglat,preneglon"
"381","Siparuna guianensis",1424308029,-7.5725,-72.955278,"cdround,gass84"
"382","Siparuna guianensis",1089108700,-23.121553,-47.348864,"gass84"
"383","Siparuna guianensis",1087075063,-7.8375,-35.002778,"cdround,gass84"
"384","Siparuna guianensis",1424434515,-20.1,-44.216667,"cdround,gass84"
"385","Siparuna guianensis",438210680,4.66944,-52.30611,"gass84"
"386","Siparuna guianensis",1077576705,-8.576278,-35.1825,"gass84"
"387","Siparuna guianensis",1087075539,-7.751389,-34.976944,"cdround,gass84"
"388","Siparuna guianensis",1932880163,-0.58,-70.18,"gass84"
"389","Siparuna guianensis",1123896149,-0.583333,-70.183333,"cdround"
"390","Siparuna guianensis",1087075548,-7.786944,-35.005278,"cdround,gass84"
"391","Siparuna guianensis",1291821795,-15.866667,-47.85,"gass84"
"392","Siparuna guianensis",1929416438,-12.93106,-67.79,"gass84"
"393","Siparuna guianensis",1090665645,-9.864167,-56.076944,"gass84"
"394","Siparuna guianensis",1257684171,-2.314444,-78.102778,"cdround,gass84"
"395","Siparuna guianensis",1257684383,-2.326111,-78.095278,"cdround,gass84"
"396","Siparuna guianensis",1930314303,-12.92681,-67.78825,"gass84"
"397","Siparuna guianensis",1123897087,5.574167,-74.898056,"cdround"
"398","Siparuna guianensis",1123901984,8.055833,-74.768056,"cdround"
"399","Siparuna guianensis",1932881230,5.34,-68.02,"gass84"
"400","Siparuna guianensis",1089091821,-22.956667,-46.931944,"gass84"
"401","Siparuna guianensis",1087506901,-22.703889,-48.343889,"gass84"
"402","Siparuna guianensis",1424478838,-1.046389,-48.173611,"cdround,gass84,muluriiv"
"403","Siparuna guianensis",1291821855,-15.877778,-47.840278,"gass84"
"404","Siparuna guianensis",1840912330,-20.086667,-40.552778,"cdround,gass84"
"405","Siparuna guianensis",1123824305,-20.086944,-40.553056,"gass84"
"406","Siparuna guianensis",1257602308,-15.075361,-68.465833,"cdround,gass84"
"407","Siparuna guianensis",1123901938,7.652,-74.766,""
"408","Siparuna guianensis",1077417991,-22.661389,-42.807778,"cdround,gass84"
"409","Siparuna guianensis",1424434581,-10.066667,-67.616667,"cdround,gass84"
"410","Siparuna guianensis",1096931996,-20.788104,-40.590078,"gass84"
"411","Siparuna guianensis",1042686468,-1.683333,-61.82,"elmms,gass84,gdativ"
"412","Siparuna guianensis",1090665540,-9.865,-56.082778,"gass84"
"413","Siparuna guianensis",1123829798,-18.760722,-40.450222,"gass84"
"414","Siparuna guianensis",1087680048,-7.836667,-35.006806,"gass84"
"415","Siparuna guianensis",1424311732,-8.480833,-68.010278,"cdround,gass84"
"416","Siparuna guianensis",1087086425,-7.836667,-35.006667,"cdround,gass84"
"417","Siparuna guianensis",1095267391,-2.294194,-56.841444,"gass84"
"418","Siparuna guianensis",1234550938,-9.444722,-48.673889,"gass84"
"419","Siparuna guianensis",1094868199,-7.800278,-35.016667,"gass84"
"420","Siparuna guianensis",1213516266,-18.968056,-40.651111,"gass84"
"421","Siparuna guianensis",1931169214,-18.9681,-40.6511,"gass84"
"422","Siparuna guianensis",1094856366,-17.959444,-46.821944,"gass84"
"423","Siparuna guianensis",1090665016,-11.585556,-55.653333,"gass84"
"424","Siparuna guianensis",912467505,-9.67,-55.22,"gass84"
"425","Siparuna guianensis",1213565995,-15.85,-47.816667,"gass84"
"426","Siparuna guianensis",1424371090,-22.423611,-42.745555,"cdround,gass84"
"427","Siparuna guianensis",1090663359,-9.6675,-55.216111,"gass84"
"428","Siparuna guianensis",1087074919,-7.785556,-35.020833,"cdround,gass84"
"429","Siparuna guianensis",1424237910,-20.272778,-40.476667,"cdround,gass84"
"430","Siparuna guianensis",1095247489,-13.043333,-48.226944,"gass84"
"431","Siparuna guianensis",1087643044,-16.353611,-40.960556,"gass84"
"432","Siparuna guianensis",1702652109,-7.791061,-35.02385,"cdround,gass84"
"433","Siparuna guianensis",1077606265,-7.806111,-36.433333,"gass84"
"434","Siparuna guianensis",1587305822,-9.543889,-35.8325,"gass84"
"435","Siparuna guianensis",1090527285,-10.417222,-48.303611,"gass84"
"436","Siparuna guianensis",1123819809,-18.572,-40.995472,"gass84"
"437","Siparuna guianensis",1840912392,-18.571944,-40.995278,"cdround,gass84"
"438","Siparuna guianensis",1094860529,-12.883333,-37.95,"gass84"
"439","Siparuna guianensis",1930396001,-12.88,-37.95,"gass84"
"440","Siparuna guianensis",1837388413,-9.309531,-35.942003,"gass84"
"441","Siparuna guianensis",1213563919,-13.593194,-47.217611,"gass84"
"442","Siparuna guianensis",1989887947,-21.001389,-49.973889,"gass84,preneglat,preneglon"
"443","Siparuna guianensis",768773423,1.42,-75.49,"gass84"
"444","Siparuna guianensis",1929010820,8.6717,-83.5047,"gass84"
"445","Siparuna guianensis",1090576954,-2.958056,-50.090556,"gass84"
"446","Siparuna guianensis",1090706027,-19.052222,-50.82,"gass84"
"447","Siparuna guianensis",1123820363,-20.274444,-40.478333,"gass84"
"448","Siparuna guianensis",1096930795,-20.890573,-41.70663,"gass84"
"449","Siparuna guianensis",1135825412,-20.274,-40.478,"gass84"
"450","Siparuna guianensis",1090701959,-18.785556,-52.378333,"gass84"
"451","Siparuna guianensis",1042678163,-1.505417,-56.16,"gass84,gdativ"
"452","Siparuna guianensis",1065432553,5.69036,-77.25397,""
"453","Siparuna guianensis",1213577675,-12.112222,-50.815833,"gass84"
"454","Siparuna guianensis",1087649081,-19.144444,-48.146111,"gass84"
"455","Siparuna guianensis",1989888853,-21.404722,-49.500278,"gass84,preneglat,preneglon"
"456","Siparuna guianensis",1087506824,-22.486111,-48.987222,"gass84"
"457","Siparuna guianensis",1989888944,-20.288333,-49.500278,"gass84,preneglat,preneglon"
"458","Siparuna guianensis",1095185776,-7.832298,-34.87481,"gass84"
"459","Siparuna guianensis",1456439561,-14.1672,-39.7111,"gass84"
"460","Siparuna guianensis",1090528553,-11.454167,-47.116667,"gass84"
"461","Siparuna guianensis",1090665316,-9.229722,-56.770556,"gass84"
"462","Siparuna guianensis",1213609184,-12.5928,-48.07024,"gass84"
"463","Siparuna guianensis",1077230329,-14.167222,-39.711111,"gass84"
"464","Siparuna guianensis",1090529407,-11.056111,-47.576944,"gass84"
"465","Siparuna guianensis",1123829495,-19.449611,-40.800278,"gass84"
"466","Siparuna guianensis",1424264164,-20.3025,-40.481944,"cdround,gass84"
"467","Siparuna guianensis",1090528540,-12.991111,-48.117333,"gass84"
"468","Siparuna guianensis",1913567305,-6.328889,-50.127222,"gass84"
"469","Siparuna guianensis",1291012240,-23.09,-46.405833,"gass84"
"470","Siparuna guianensis",1090706057,-18.583889,-51.141389,"gass84"
"471","Siparuna guianensis",1123829470,-19.401917,-40.718556,"gass84"
"472","Siparuna guianensis",1090702398,-17.86,-51.658611,"gass84"
"473","Siparuna guianensis",1213568633,-13.581944,-47.470833,"gass84"
"474","Siparuna guianensis",1077578364,-7.771944,-34.936667,"gass84"
"475","Siparuna guianensis",1913569633,-19.560861,-42.464194,"gass84"
"476","Siparuna guianensis",1090580138,-22.8858,-48.445,"gass84"
"477","Siparuna guianensis",1260803422,-16.732778,-65.505556,"cdround,gass84"
"478","Siparuna guianensis",1260840146,-10.983333,-65.983333,"cdround,gass84"
"479","Siparuna guianensis",1087645436,-19.891611,-43.915972,"gass84"
"480","Siparuna guianensis",1260910760,-13.25194,-70.77833,"gass84"
"481","Siparuna guianensis",1123811763,-20.272778,-40.479167,"gass84"
"482","Siparuna guianensis",1090526992,-10.419167,-48.172222,"gass84"
"483","Siparuna guianensis",1090526671,-10.413611,-48.265278,"gass84"
"484","Siparuna guianensis",1889166881,-7.785556,-34.608333,"gass84"
"485","Siparuna guianensis",1707685470,4.609167,-67.864444,"cdround,gass84"
"486","Siparuna guianensis",1123822960,-20.212889,-40.592417,"gass84"
"487","Siparuna guianensis",768775725,1.08,-75.47,"gass84"
"488","Siparuna guianensis",1094934065,-7.316083,-39.399167,"gass84"
"489","Siparuna guianensis",1095243065,-6.580833,-47.441666,"cdround,gass84"
"490","Siparuna guianensis",1123811824,-20.100556,-40.529444,"gass84"
"491","Siparuna guianensis",1424275918,-20.328889,-40.674167,"cdround,gass84"
"492","Siparuna guianensis",1889166722,-8.256944,-38.1375,"gass84"
"493","Siparuna guianensis",1989887868,-20.926111,-50.348611,"gass84,preneglat,preneglon"
"494","Siparuna guianensis",912467532,-9.5,-55.8,"gass84"
"495","Siparuna guianensis",1087074912,-7.793889,-35.020833,"cdround,gass84"
"496","Siparuna guianensis",1424292505,-22.429167,-42.750555,"cdround,gass84"
"497","Siparuna guianensis",1090663149,-9.496389,-55.803889,"gass84"
"498","Siparuna guianensis",1090627616,-9.2946,-55.4812,"gass84"
"499","Siparuna guianensis",1042638035,-9,-55,"gass84,gdativ"
"500","Siparuna guianensis",1077574205,-7.836389,-35,"gass84"
"501","Siparuna guianensis",1090512834,-14.416667,-39.083333,"gass84"
"502","Siparuna guianensis",1324648843,3.9,-67.88,"gass84"
"503","Siparuna guianensis",1094842137,-12.475278,-41.387222,"gass84"
"504","Siparuna guianensis",1090576487,-23.4339,-45.0711,"gass84"
"505","Siparuna guianensis",768769923,-2.55,-70.17,"gass84"
"506","Siparuna guianensis",1260912088,-12.60638,-69.05638,"gass84"
"507","Siparuna guianensis",1090575365,-22.694886,-46.668492,"gass84"
"508","Siparuna guianensis",1090575384,-22.6819,-46.6808,"gass84"
"509","Siparuna guianensis",438542790,-23.33333,-44.81667,"gass84"
"510","Siparuna guianensis",1213562334,-17.25,-50.833333,"gass84"
"511","Siparuna guianensis",1213516272,-19.397,-43.401411,"gass84"
"512","Siparuna guianensis",1090704973,-17.859167,-51.725556,"gass84"
"513","Siparuna guianensis",768770345,0.8,-75.19,"gass84"
"514","Siparuna guianensis",1042694587,-16.6404,-48.02,"elmms,gass84,gdativ"
"515","Siparuna guianensis",1932879637,1.23,-75.49,"gass84"
"516","Siparuna guianensis",1042682763,-16.640278,-48.02,"elmms,gass84,gdativ"
"517","Siparuna guianensis",1424237422,-22.423333,-42.053889,"cdround,gass84"
"518","Siparuna guianensis",1213567890,-16.6404,-48.0172,"gass84"
"519","Siparuna guianensis",1095267258,-6.065433,-61.071064,"gass84"
"520","Siparuna guianensis",1123814858,-18.975556,-40.769444,"gass84"
"521","Siparuna guianensis",1989887904,-20.921111,-49.926111,"gass84,preneglat,preneglon"
"522","Siparuna guianensis",1424436691,-15.9375,-39.5625,"gass84"
"523","Siparuna guianensis",1902144349,-8.837778,-63.939444,"cdround,gass84"
"524","Siparuna guianensis",1424298136,-22.458333,-42.037222,"cdround,gass84"
"525","Siparuna guianensis",1213522669,-15.807222,-48.855833,"gass84"
"526","Siparuna guianensis",1929992688,-15.8072,-48.8558,"gass84"
"527","Siparuna guianensis",1932879646,-2.51,-70.19,"gass84"
"528","Siparuna guianensis",1707591497,-3.9875,-69.902778,"cdround,gass84"
"529","Siparuna guianensis",1424371137,-22.4575,-42.7625,"gass84"
"530","Siparuna guianensis",1213516329,-22.638611,-44.661444,"gass84"
"531","Siparuna guianensis",1077228139,-12.851111,-41.309722,"gass84"
"532","Siparuna guianensis",1090703416,-18.071389,-51.192222,"gass84"
"533","Siparuna guianensis",1090576015,-22.701056,-46.676583,"gass84"
"534","Siparuna guianensis",1213516290,-19.396361,-43.402056,"gass84"
"535","Siparuna guianensis",1424436628,-19.396111,-43.401944,"cdround,gass84"
"536","Siparuna guianensis",1587307370,-9.235556,-35.085556,"gass84"
"537","Siparuna guianensis",1090525953,-10.379444,-48.144167,"gass84"
"538","Siparuna guianensis",1416801570,2.75,-73.78,"gass84"
"539","Siparuna guianensis",1424220519,-20.150556,-40.448611,"cdround,gass84"
"540","Siparuna guianensis",1424221162,-18.123889,-43.346667,"cdround,gass84"
"541","Siparuna guianensis",1900411632,5.133333,-55.05,""
"542","Siparuna guianensis",1840912723,-20.059167,-40.470556,"cdround,gass84"
"543","Siparuna guianensis",1090525942,-10.3525,-48.251389,"gass84"
"544","Siparuna guianensis",1261014061,-17.406944,-64.115278,"cdround,gass84"
"545","Siparuna guianensis",1424436701,-18.892222,-40.73,"cdround,gass84"
"546","Siparuna guianensis",1900411633,5.172,-55.067,""
"547","Siparuna guianensis",1087242922,-16.233333,-49.2,"gass84"
"548","Siparuna guianensis",1123811442,-19.311667,-40.5375,"gass84"
"549","Siparuna guianensis",1087517929,-19.47,-43.983083,"gass84"
"550","Siparuna guianensis",1900411631,5.409333,-54.1385,""
"551","Siparuna guianensis",1424280949,-18.906944,-40.734722,"cdround,gass84"
"552","Siparuna guianensis",1123809413,-18.907028,-40.734722,"gass84"
"553","Siparuna guianensis",1087517954,-19.50775,-43.955083,"gass84"
"554","Siparuna guianensis",1087180916,-19.5,-42.633333,"gass84"
"555","Siparuna guianensis",1424442875,-20.122778,-40.546111,"cdround,gass84"
"556","Siparuna guianensis",1137440714,5.3915,-54.119833,""
"557","Siparuna guianensis",1087506496,-22.333333,-49.016667,"gass84"
"558","Siparuna guianensis",768774939,4.84,-71.22,"gass84"
"559","Siparuna guianensis",1123809035,-19.836944,-40.573056,"gass84"
"560","Siparuna guianensis",1090573942,-22.701692,-46.676719,"gass84"
"561","Siparuna guianensis",1042678215,-10.884722,-56.04,"gass84,gdativ"
"562","Siparuna guianensis",1123892958,8.468778,-75.053167,"cdround"
"563","Siparuna guianensis",1077601905,-9.521667,-35.824167,"gass84"
"564","Siparuna guianensis",1087518043,-19.476667,-43.986833,"gass84"
"565","Siparuna guianensis",1265925291,-12.787777,-48.233611,"gass84"
"566","Siparuna guianensis",768775061,4.89,-71.14,"gass84"
"567","Siparuna guianensis",1424157633,-19.140833,-43.415278,"cdround,gass84"
"568","Siparuna guianensis",1077469615,-21.16625,-45.638467,"gass84"
"569","Siparuna guianensis",1265925368,-21.960555,-42.905555,"gass84"
"570","Siparuna guianensis",1090526085,-10.405278,-48.362778,"gass84"
"571","Siparuna guianensis",1065432140,5.68375,-76.66275,""
"572","Siparuna guianensis",1089086640,-1.046944,-48.173333,"gass84"
"573","Siparuna guianensis",1090526224,-10.418889,-48.301944,"gass84"
"574","Siparuna guianensis",1424164508,-22.19,-43.462222,"cdround,gass84"
"575","Siparuna guianensis",1424156209,-20.020556,-40.538889,"cdround,gass84"
"576","Siparuna guianensis",1077224797,-13.716667,-39.133333,"gass84"
"577","Siparuna guianensis",1090574390,-21.423489,-46.998695,"gass84"
"578","Siparuna guianensis",1123892611,1.085417,-75.46,"cdround"
"579","Siparuna guianensis",1090526332,-10.364722,-48.234722,"gass84"
"580","Siparuna guianensis",1087518210,-19.482889,-44.018056,"gass84"
"581","Siparuna guianensis",1257922778,-20.760278,-42.056667,"cdround,gass84"
"582","Siparuna guianensis",1424293715,-20.538333,-42.143611,"cdround,gass84"
"583","Siparuna guianensis",1090526441,-10.399444,-48.359444,"gass84"
"584","Siparuna guianensis",1090526476,-10.398333,-48.359167,"gass84"
"585","Siparuna guianensis",1927796479,-9.956206,-67.871575,"gass84"
"586","Siparuna guianensis",1324647161,-2.85,-69.77,"gass84"
"587","Siparuna guianensis",1090662793,-9.598333,-55.922778,"gass84"
"588","Siparuna guianensis",1087518255,-19.477167,-43.986917,"gass84"
"589","Siparuna guianensis",1424291539,-22.542778,-42.654167,"cdround,gass84"
"590","Siparuna guianensis",912467496,-9.6,-55.92,"gass84"
"591","Siparuna guianensis",1424303925,-10.036667,-67.795278,"cdround,gass84"
"592","Siparuna guianensis",1090658066,-19.476833,-43.986833,"gass84"
"593","Siparuna guianensis",1090720417,-18.041611,-47.702528,"gass84"
"594","Siparuna guianensis",1260122005,-6.02555,-76.99277,"gass84"
"595","Siparuna guianensis",1090720377,-18.151389,-47.880278,"gass84"
"596","Siparuna guianensis",1456297240,1.51,-66.41,"gass84"
"597","Siparuna guianensis",1707579155,3.719444,-70.307222,"cdround,gass84"
"598","Siparuna guianensis",1090572909,-22.9056,-47.0608,"gass84"
"599","Siparuna guianensis",1265925565,-6.584167,-47.446667,"cdround,gass84,preneglat,preneglon"
"600","Siparuna guianensis",1424247755,-22.5,-42.183333,"cdround,gass84"
"601","Siparuna guianensis",2005869537,-23.0333,-48.183333,"gass84"
"602","Siparuna guianensis",1094810519,-12.85,-38.366667,"gass84"
"603","Siparuna guianensis",1260666794,11.110833,-84.300833,"cdround,gass84"
"604","Siparuna guianensis",1260036691,-15.20027,-68.60305,"gass84"
"605","Siparuna guianensis",1260048775,-15.138055,-68.485833,"cdround,gass84"
"606","Siparuna guianensis",1087072777,-7.817222,-35.218056,"cdround,gass84"
"607","Siparuna guianensis",1253840112,9.788889,-83.752778,"cdround"
"608","Siparuna guianensis",1424298692,-7.817222,-35.023889,"cdround,gass84"
"609","Siparuna guianensis",1087180588,-20.892222,-46.712778,"gass84"
"610","Siparuna guianensis",1141297206,2.363333,-56.697778,""
"611","Siparuna guianensis",768765556,1.79,-75.13,"gass84"
"612","Siparuna guianensis",1456132230,2.36333,-56.6978,"gass84"
"613","Siparuna guianensis",1213563137,-7.460833,-47.881111,"gass84"
"614","Siparuna guianensis",1077598347,-9.254722,-35.8925,"gass84"
"615","Siparuna guianensis",1123890753,5.563333,-74.904167,"cdround"
"616","Siparuna guianensis",1328370242,6.922417,-66.541667,"cdround,gass84"
"617","Siparuna guianensis",1576184075,5.92615,-74.31666,""
"618","Siparuna guianensis",1929061066,-22.459068,-44.607312,""
"619","Siparuna guianensis",1123890731,5.565944,-74.927444,"cdround"
"620","Siparuna guianensis",1087180619,-18.947222,-42.524167,"gass84"
"621","Siparuna guianensis",1260744801,-12.60638,-69.08166,"gass84"
"622","Siparuna guianensis",1141555237,4.733333,-56.783333,""
"623","Siparuna guianensis",1840932579,-18.939167,-54.906667,"gass84"
"624","Siparuna guianensis",1090573235,-23.016998,-47.148781,"gass84"
"625","Siparuna guianensis",1090503800,-13.926944,-38.426944,"gass84"
"626","Siparuna guianensis",1090578227,-22.8583,-47.22,"gass84"
"627","Siparuna guianensis",1090575541,-18.939167,-54.906806,"gass84"
"628","Siparuna guianensis",1141181825,3.875,-51.816667,""
"629","Siparuna guianensis",1090525934,-10.426111,-48.241111,"gass84"
"630","Siparuna guianensis",1424242524,-22.532222,-42.346111,"cdround,gass84"
"631","Siparuna guianensis",1260092028,-12.51083,-68.77638,"gass84"
"632","Siparuna guianensis",1213515855,-19.797778,-42.5525,"gass84"
"633","Siparuna guianensis",1456320965,5.86617,-60.5912,"gass84"
"634","Siparuna guianensis",1095186018,-8.584865,-35.117298,"gass84"
"635","Siparuna guianensis",1260509239,5.86611,-60.59111,"gass84"
"636","Siparuna guianensis",1260510859,5.37361,-59.1225,"gass84"
"637","Siparuna guianensis",1456165245,5.37367,-59.1224,"gass84"
"638","Siparuna guianensis",1123892323,3.297778,-73.916667,"cdround"
"639","Siparuna guianensis",1087073352,-7.838889,-35.002778,"cdround,gass84"
"640","Siparuna guianensis",1253818007,9.025,-83.238889,"cdround"
"641","Siparuna guianensis",1328368202,3.283333,-73.916667,"cdround,gass84"
"642","Siparuna guianensis",1257616258,-17.2125,-64.527778,"cdround,gass84"
"643","Siparuna guianensis",1095235701,-6.143333,-48.333333,"cdround,gass84"
"644","Siparuna guianensis",1087510182,-22.866667,-48.433333,"gass84"
"645","Siparuna guianensis",1257838943,9.025,-83.23889,"gass84"
"646","Siparuna guianensis",1087259686,-13.751694,-47.399028,"gass84"
"647","Siparuna guianensis",1089294059,0.733333,-51.2,"gass84"
"648","Siparuna guianensis",768764014,2.35,-74.33,"gass84"
"649","Siparuna guianensis",1259688261,-0.6625,-76.666667,"cdround,gass84"
"650","Siparuna guianensis",1135817143,-4.240111,-38.945833,"gass84"
"651","Siparuna guianensis",1087505863,-22.842222,-48.4325,"gass84"
"652","Siparuna guianensis",1090704233,-18.439444,-51.995278,"gass84"
"653","Siparuna guianensis",1259439085,-13.03,-68.849167,"cdround,gass84"
"654","Siparuna guianensis",1324646999,3.3,-73.94,"gass84"
"655","Siparuna guianensis",1077596514,-9.2833,-35.561108,"gass84"
"656","Siparuna guianensis",1265925142,-11.130277,-47.150555,"gass84"
"657","Siparuna guianensis",1424299083,-22.45,-43.466667,"cdround,gass84"
"658","Siparuna guianensis",2005866196,-9.966667,-67.8,"gass84"
"659","Siparuna guianensis",1123889272,6.41211,-74.5771,""
"660","Siparuna guianensis",1260353851,6.405543,-74.571798,"gass84"
"661","Siparuna guianensis",1424222273,-22.5,-42.25,"gass84"
"662","Siparuna guianensis",1707574163,5.6625,-70.242111,"cdround,gass84"
"663","Siparuna guianensis",1929751652,-15.8175,-48.8842,"gass84"
"664","Siparuna guianensis",1090720180,-18.163056,-47.916667,"gass84"
"665","Siparuna guianensis",1424280901,-15.8175,-48.884167,"cdround,gass84"
"666","Siparuna guianensis",1087258226,-15.606,-47.706944,"gass84"
"667","Siparuna guianensis",439239167,4.26861,-54.74056,"gass84"
"668","Siparuna guianensis",1139419186,4.268611,-54.740556,""
"669","Siparuna guianensis",1257756833,-22.25,-44.566667,"cdround,gass84"
"670","Siparuna guianensis",1456240410,4.26,-54.74,"gass84"
"671","Siparuna guianensis",1259677569,-14.233333,-68.083333,"cdround,gass84"
"672","Siparuna guianensis",1257620416,-14.406111,-61.535278,"cdround,gass84"
"673","Siparuna guianensis",1087685746,-10.4107,-37.253,"gass84"
"674","Siparuna guianensis",1123801977,-20.069167,-40.725556,"gass84"
"675","Siparuna guianensis",1928379143,-14.77,-39.08,"gass84"
"676","Siparuna guianensis",438210678,4.81667,-54.6,"gass84"
"677","Siparuna guianensis",1424018326,-15.560833,-39.503333,"cdround,gass84"
"678","Siparuna guianensis",1424018238,-14.772222,-39.09,"cdround,gass84"
"679","Siparuna guianensis",1929358108,-15.5565,-39.49528,"gass84"
"680","Siparuna guianensis",1135817150,-4.289583,-38.926528,"gass84"
"681","Siparuna guianensis",1140898081,4.816667,-54.6,""
"682","Siparuna guianensis",1260511840,4.8,-54.53333,"gass84"
"683","Siparuna guianensis",1087066701,-8.238333,-35.063056,"cdround,gass84"
"684","Siparuna guianensis",1456382156,4.61,-52.27,"gass84"
"685","Siparuna guianensis",1265923947,-16.1425,-48.60333,"gass84"
"686","Siparuna guianensis",1089247581,-4.297167,-38.933056,"gass84"
"687","Siparuna guianensis",1139759072,4.610556,-52.278889,""
"688","Siparuna guianensis",1456299484,4.8,-54.53,"gass84"
"689","Siparuna guianensis",1137386716,4.8,-54.533333,""
"690","Siparuna guianensis",439284210,-13,-38.53333,"gass84"
"691","Siparuna guianensis",1658203886,-20,-48,"gass84"
"692","Siparuna guianensis",1424247135,-15.355833,-47.141111,"cdround,gass84"
"693","Siparuna guianensis",1423943549,-23.075,-47.216667,"cdround,gass84"
"694","Siparuna guianensis",1095186305,-8.979501,-35.937693,"gass84"
"695","Siparuna guianensis",1094176078,-13.479167,-40.281944,"gass84"
"696","Siparuna guianensis",1065431568,5.6932,-76.65144,""
"697","Siparuna guianensis",1087066700,-8.7275,-35.838889,"cdround,gass84"
"698","Siparuna guianensis",1253777064,8.826944,-83.496389,"cdround"
"699","Siparuna guianensis",1253776651,9.323611,-83.898333,"cdround"
"700","Siparuna guianensis",1702651200,-8.955642,-35.899683,"cdround,gass84"
"701","Siparuna guianensis",1147298521,1.8,-75.17,"gass84"
"702","Siparuna guianensis",1260584198,3.086111,-56.469444,"cdround,gass84"
"703","Siparuna guianensis",1316179961,-8.236667,-35.049722,"gass84"
"704","Siparuna guianensis",1087066720,-8.236389,-35.049722,"cdround,gass84"
"705","Siparuna guianensis",1123888231,8.01704,-76.1833,""
"706","Siparuna guianensis",1456122650,3.18,-56.59,"gass84"
"707","Siparuna guianensis",1260566448,3.1,-56.483333,"cdround,gass84"
"708","Siparuna guianensis",1260577547,3.180278,-56.5925,"cdround,gass84"
"709","Siparuna guianensis",1213596103,-16.243333,-49.182222,"gass84"
"710","Siparuna guianensis",1260705232,-15.21888,-66.97083,"gass84"
"711","Siparuna guianensis",1077595198,-9.214444,-35.502222,"gass84"
"712","Siparuna guianensis",1077595129,-9.1,-35.567222,"gass84"
"713","Siparuna guianensis",1087239287,-16.289444,-49.113333,"gass84"
"714","Siparuna guianensis",1424234863,-22.500556,-42.269167,"cdround,gass84"
"715","Siparuna guianensis",1265924644,-11.6025,-46.51722,"gass84"
"716","Siparuna guianensis",1260777133,-17.07916,-65.46333,"gass84"
"717","Siparuna guianensis",1424489557,-10.492778,-67.900833,"cdround,gass84"
"718","Siparuna guianensis",1265925170,-12.82333,-47.26694,"gass84"
"719","Siparuna guianensis",1098687755,3.607785,-73.640231,""
"720","Siparuna guianensis",1265924531,-11.63694,-46.66306,"gass84"
"721","Siparuna guianensis",768761459,1.48,-75.58,"gass84"
"722","Siparuna guianensis",1932878243,1.53,-75.64,"gass84"
"723","Siparuna guianensis",1328368371,1.666694,-75.6005,"cdround,gass84"
"724","Siparuna guianensis",1087238776,-15.485278,-45.335833,"gass84"
"725","Siparuna guianensis",1328368380,1.482167,-75.588889,"cdround,gass84"
"726","Siparuna guianensis",1424018184,-1.016667,-62.083333,"cdround,gass84"
"727","Siparuna guianensis",768761596,1.4,-75.81,"gass84"
"728","Siparuna guianensis",1328368268,1.532722,-75.644778,"cdround,gass84"
"729","Siparuna guianensis",1328368271,1.403306,-75.815778,"cdround,gass84"
"730","Siparuna guianensis",768761483,1.66,-75.6,"gass84"
"731","Siparuna guianensis",1265925233,-15.483333,-45.333333,"gass84"
"732","Siparuna guianensis",1087238800,-15.783333,-49.133333,"gass84"
"733","Siparuna guianensis",1213515840,-13.780833,-47.311389,"gass84"
"734","Siparuna guianensis",1260504700,-13.78083,-47.31138,"gass84"
"735","Siparuna guianensis",1090719296,-14.614389,-47.042222,"gass84"
"736","Siparuna guianensis",1259011202,-14.97666,-67.79333,"gass84"
"737","Siparuna guianensis",1258998100,-14.09,-67.79527,"gass84"
"738","Siparuna guianensis",1928725015,-10.507222,-68.563889,"cdround,gass84"
"739","Siparuna guianensis",1259083723,-2.53333,-77.9,"gass84"
"740","Siparuna guianensis",1087234522,-14.164667,-47.5995,"gass84"
"741","Siparuna guianensis",1265923372,-16.0375,-47.30944,"gass84"
"742","Siparuna guianensis",1929377958,-9.757222,-67.670611,"cdround,gass84"
"743","Siparuna guianensis",1259009453,-14.97055,-67.82694,"gass84"
"744","Siparuna guianensis",768744888,3.91,-68.36,"gass84"
"745","Siparuna guianensis",1258996384,-14.99,-67.79277,"gass84"
"746","Siparuna guianensis",1259122888,-14.6475,-67.79444,"gass84"
"747","Siparuna guianensis",1259123007,-14.55694,-67.66805,"gass84"
"748","Siparuna guianensis",1424247102,-15.901944,-48.795278,"cdround,gass84"
"749","Siparuna guianensis",436713927,5.2875,-53.05056,"gass84"
"750","Siparuna guianensis",1259107388,-14.65333,-67.80194,"gass84"
"751","Siparuna guianensis",1932878624,2.2,-73.85,"gass84"
"752","Siparuna guianensis",1089070343,-22.803139,-46.052278,"gass84"
"753","Siparuna guianensis",1936658028,-14.557,-67.668222,"cdround,gass84"
"754","Siparuna guianensis",768759244,2.52,-72.69,"gass84"
"755","Siparuna guianensis",1090574727,-21.121475,-47.764308,"gass84"
"756","Siparuna guianensis",1424087357,-15.926389,-48.853333,"cdround,gass84"
"757","Siparuna guianensis",768759232,2.58,-72.86,"gass84"
"758","Siparuna guianensis",1259114798,-14.61416,-67.65277,"gass84"
"759","Siparuna guianensis",1087234898,-15.6,-47.7,"gass84"
"760","Siparuna guianensis",1260510579,7.9325,-63.63972,"gass84"
"761","Siparuna guianensis",1259111000,-14.61166,-67.65111,"gass84"
"762","Siparuna guianensis",1328368290,-0.528083,-72.999361,"cdround,gass84"
"763","Siparuna guianensis",1123889069,7.83803,-75.015797,""
"764","Siparuna guianensis",1087505238,-22.813944,-48.743278,"gass84"
"765","Siparuna guianensis",1123888662,7.133333,-75.15,"cdround"
"766","Siparuna guianensis",1424513719,-22.583333,-50.366667,"cdround,gass84"
"767","Siparuna guianensis",1265924787,-8.723333,-35.186666,"cdround,gass84"
"768","Siparuna guianensis",1260917673,-17.39194,-62.55944,"gass84"
"769","Siparuna guianensis",1042521882,2.595415,-61,"gass84,gdativ"
"770","Siparuna guianensis",1087256737,-15.931306,-47.929972,"gass84"
"771","Siparuna guianensis",1324646597,2.21,-73.79,"gass84"
"772","Siparuna guianensis",1087235417,-15.916667,-48.233333,"gass84"
"773","Siparuna guianensis",1424247134,-15.900278,-47.912778,"cdround,gass84"
"774","Siparuna guianensis",1090574691,-21.323468,-47.962741,"gass84"
"775","Siparuna guianensis",1259119911,-14.361944,-67.986944,"cdround,gass84"
"776","Siparuna guianensis",1265923924,-16.24639,-48.16306,"gass84"
"777","Siparuna guianensis",80102483,-12.57,-70.1,"gass84"
"778","Siparuna guianensis",1424018566,-22.155556,-42.876111,"cdround,gass84"
"779","Siparuna guianensis",1090574696,-21.224754,-47.848707,"gass84"
"780","Siparuna guianensis",1259115725,-13.6,-68.73333,"gass84"
"781","Siparuna guianensis",1424156942,-16.05,-48.05,"gass84"
"782","Siparuna guianensis",1089066355,-22.233333,-48.15,"gass84"
"783","Siparuna guianensis",1144778962,9.49778,-83.79667,"gass84"
"784","Siparuna guianensis",1042586702,1.370759,-51.58,"gass84,gdativ"
"785","Siparuna guianensis",437285957,4.60833,-53.35833,"gass84"
"786","Siparuna guianensis",1328369364,4.85,-73.25,"gass84"
"787","Siparuna guianensis",1929802602,-17.1325,-40.4214,"gass84"
"788","Siparuna guianensis",1253738908,9.497778,-83.796667,"cdround"
"789","Siparuna guianensis",1089291856,2.333333,-51.583333,"gass84"
"790","Siparuna guianensis",1424018336,-17.132778,-40.421667,"cdround,gass84"
"791","Siparuna guianensis",1090481512,-17.1325,-40.421389,"gass84"
"792","Siparuna guianensis",1077210681,-12.520278,-38.373889,"gass84"
"793","Siparuna guianensis",1260512999,-17.1325,-40.42138,"gass84"
"794","Siparuna guianensis",1087535872,-12.9,-41.233333,"gass84"
"795","Siparuna guianensis",1077211399,-12.905,-41.2375,"gass84"
"796","Siparuna guianensis",1089292672,0.833333,-51.883333,"gass84"
"797","Siparuna guianensis",1065431320,5.49961,-76.54796,""
"798","Siparuna guianensis",1090719673,-10.266667,-46.883333,"gass84"
"799","Siparuna guianensis",1265923219,-10.266666,-46.883333,"gass84"
"800","Siparuna guianensis",1259108291,-14.17138,-67.90777,"gass84"
"801","Siparuna guianensis",1936657998,-14.1714,-67.908,"gass84"
"802","Siparuna guianensis",1077212555,-12.241111,-41.283889,"gass84"
"803","Siparuna guianensis",1259116471,-14.18333,-67.92277,"gass84"
"804","Siparuna guianensis",1259117899,-14.17333,-67.91944,"gass84"
"805","Siparuna guianensis",1936658906,-14.173556,-67.919639,"cdround,gass84"
"806","Siparuna guianensis",1929936386,-14.7926067766292,-39.0492868209753,"cdrep"
"807","Siparuna guianensis",1936658856,-14.183389,-67.922861,"cdround,gass84"
"808","Siparuna guianensis",1090574711,-21.152498,-47.740239,"gass84"
"809","Siparuna guianensis",1936623760,7.7667,-81.5333,"gass84"
"810","Siparuna guianensis",1077214708,-13.618889,-39.6325,"gass84"
"811","Siparuna guianensis",1077230750,-15.167778,-39.0675,"gass84"
"812","Siparuna guianensis",1123886297,6.218056,-74.666389,"cdround"
"813","Siparuna guianensis",1265923209,-13.028333,-46.667222,"gass84"
"814","Siparuna guianensis",1929638394,-7.6,-72.67,"gass84"
"815","Siparuna guianensis",1123886391,6.395278,-74.537778,"cdround"
"816","Siparuna guianensis",1258950197,-7.6,-72.666667,"cdround,gass84"
"817","Siparuna guianensis",1259121776,-13.90444,-68.15611,"gass84"
"818","Siparuna guianensis",1936658918,-13.904667,-68.156278,"cdround,gass84"
"819","Siparuna guianensis",1258954770,-8.20222,-72.94666,"gass84"
"820","Siparuna guianensis",1930417407,-9.95,-67.87,"gass84"
"821","Siparuna guianensis",1228632544,-4,-75,"gass84"
"822","Siparuna guianensis",1260510605,4.94805,-52.31777,"gass84"
"823","Siparuna guianensis",768750403,-0.15,-74.76,"gass84"
"824","Siparuna guianensis",1087256775,-15.8106,-54.9178,"gass84"
"825","Siparuna guianensis",438284292,3.80222,-51.88556,"gass84"
"826","Siparuna guianensis",1123884449,6.99406,-74.5673,""
"827","Siparuna guianensis",768752245,2.5,-72.51,"gass84"
"828","Siparuna guianensis",1094774241,-12.560278,-41.403056,"gass84"
"829","Siparuna guianensis",1258672040,1.21666,-78.56694,"gass84"
"830","Siparuna guianensis",1138805547,3.802222,-51.885556,""
"831","Siparuna guianensis",1253731179,9.040734,-83.244008,"cdround"
"832","Siparuna guianensis",1087680677,-3.4302,-38.3235,"gass84"
"833","Siparuna guianensis",1253750098,9.008843,-83.186461,"cdround"
"834","Siparuna guianensis",768752246,2.53,-72.72,"gass84"
"835","Siparuna guianensis",1260509779,5.28333,-53.05,"gass84"
"836","Siparuna guianensis",1139285082,5.283333,-53.05,""
"837","Siparuna guianensis",1123794905,-19.780833,-40.604167,"gass84"
"838","Siparuna guianensis",1424018152,-22.35,-43.716667,"cdround,gass84"
"839","Siparuna guianensis",1456353955,8.21111,-59.7589,"gass84"
"840","Siparuna guianensis",1123884380,6.8,-75.133333,"cdround"
"841","Siparuna guianensis",1260512156,8.21111,-59.75888,"gass84"
"842","Siparuna guianensis",1094763681,-16.381389,-39.288889,"gass84"
"843","Siparuna guianensis",1138185245,8.211111,-59.758889,""
"844","Siparuna guianensis",1089113142,-22.8,-46.883333,"gass84"
"845","Siparuna guianensis",1424422961,-22.516667,-43.233333,"cdround,gass84"
"846","Siparuna guianensis",1424018894,-22.077222,-42.844722,"cdround,gass84"
"847","Siparuna guianensis",1094849579,-15.419444,-56.037222,"gass84"
"848","Siparuna guianensis",1258698157,-12.79277,-66.56861,"gass84"
"849","Siparuna guianensis",1258164357,10.011111,-83.383333,"cdround,gass84"
"850","Siparuna guianensis",1144778977,10.01111,-83.38333,"gass84"
"851","Siparuna guianensis",1258770282,8.06666,-75.08333,"gass84"
"852","Siparuna guianensis",1123884267,7.83728,-75.01601,""
"853","Siparuna guianensis",1095218793,-13.44028,-48.19306,"gass84"
"854","Siparuna guianensis",1090720836,-13.518889,-48.187222,"gass84"
"855","Siparuna guianensis",1090720847,-13.440278,-48.193056,"gass84"
"856","Siparuna guianensis",1087238507,-16.082222,-48.101944,"gass84"
"857","Siparuna guianensis",1089238097,0.15,-51.033333,"gass84"
"858","Siparuna guianensis",1095218818,-18.51889,-48.18722,"gass84"
"859","Siparuna guianensis",1424434536,-13.516667,-48.183333,"cdround,gass84"
"860","Siparuna guianensis",1424156909,-10.082222,-48.085278,"cdround,gass84"
"861","Siparuna guianensis",1265923023,-13.51667,-48.15583,"gass84"
"862","Siparuna guianensis",1123796648,-18.755,-40.890833,"gass84"
"863","Siparuna guianensis",1042509922,-15.583333,-47.7,"elmms,gass84,gdativ"
"864","Siparuna guianensis",1089066655,-5.882306,-45.9935,"gass84"
"865","Siparuna guianensis",1930390574,4.57,-52.25,"gass84"
"866","Siparuna guianensis",1260512460,4.56666,-52.25,"gass84"
"867","Siparuna guianensis",438616967,5,-55.08333,"gass84"
"868","Siparuna guianensis",1258552251,11.416667,-84.216667,"cdround,gass84"
"869","Siparuna guianensis",1137534485,-11.016667,-65.733333,""
"870","Siparuna guianensis",1424467654,-20.466667,-47.4,"cdround,gass84"
"871","Siparuna guianensis",438284288,3.66083,-54.02389,"gass84"
"872","Siparuna guianensis",1253760185,8.780189,-83.523695,"cdround"
"873","Siparuna guianensis",1077208245,-13.4,-41.283333,"gass84"
"874","Siparuna guianensis",1936677764,8.78,-83.5236,"gass84"
"875","Siparuna guianensis",768754778,-2.5,-70.22,"gass84"
"876","Siparuna guianensis",1065431046,5.4811,-76.54687,""
"877","Siparuna guianensis",1077590229,-9.583333,-35.75,"gass84"
"878","Siparuna guianensis",1260547909,8.78,-83.523611,"cdround,gass84"
"879","Siparuna guianensis",1077207058,-15.866667,-38.9,"gass84"
"880","Siparuna guianensis",1094756414,-12.438056,-38.469722,"gass84"
"881","Siparuna guianensis",1258790249,-14.55777,-60.74694,"gass84"
"882","Siparuna guianensis",1260523638,1.56666,-59.23333,"gass84"
"883","Siparuna guianensis",1089069519,-13.202778,-53.344444,"gass84"
"884","Siparuna guianensis",1077208058,-16.433333,-39.05,"gass84"
"885","Siparuna guianensis",1456460561,1.5825,-59.2381,"gass84"
"886","Siparuna guianensis",1042499218,2.011124,-55.56,"gass84,gdativ"
"887","Siparuna guianensis",1042713034,0.33,-51.25,"gass84,gdativ"
"888","Siparuna guianensis",1138311309,3.166667,-58.666667,""
"889","Siparuna guianensis",1456414736,3.16,-58.66,"gass84"
"890","Siparuna guianensis",438284283,3.13333,-58.53333,"gass84"
"891","Siparuna guianensis",1456076750,1.565,-59.2383,"gass84"
"892","Siparuna guianensis",438239255,3.16667,-58.66667,"gass84"
"893","Siparuna guianensis",1260512144,3.16666,-58.66666,"gass84"
"894","Siparuna guianensis",1077211176,-12.55,-41.383333,"gass84"
"895","Siparuna guianensis",1260523236,1.55,-59.23333,"gass84"
"896","Siparuna guianensis",768729270,0.07,-72.45,"gass84"
"897","Siparuna guianensis",1123882755,6.440584,-74.5201,""
"898","Siparuna guianensis",1077209882,-16.266667,-39.016667,"gass84"
"899","Siparuna guianensis",1257596892,-17.25,-64.5,"gass84"
"900","Siparuna guianensis",768752758,1.41,-75.5,"gass84"
"901","Siparuna guianensis",1077208510,-12.809722,-41.383333,"gass84"
"902","Siparuna guianensis",1928103075,-2.906117,-59.033124,"cdround"
"903","Siparuna guianensis",1930091834,-21.2741252626355,-47.3001452931448,"cdrep"
"904","Siparuna guianensis",438284290,4.05,-52.7,"gass84"
"905","Siparuna guianensis",1087256760,-14.717222,-52.363056,"gass84"
"906","Siparuna guianensis",1929670043,-12.5669562453856,-41.3897405625552,"cdrep"
"907","Siparuna guianensis",1258444507,4.75611,-56.875,"gass84"
"908","Siparuna guianensis",1456123197,4.75,-56.87,"gass84"
"909","Siparuna guianensis",1317841583,2.8739,-67.4908,"gass84"
"910","Siparuna guianensis",1932875887,3.63,-67.86,"gass84"
"911","Siparuna guianensis",1258651316,3.45,-67.96666,"gass84"
"912","Siparuna guianensis",1258651304,3.63333,-67.88333,"gass84"
"913","Siparuna guianensis",768744304,3.45,-67.96,"gass84"
"914","Siparuna guianensis",1424018510,-7.583333,-35.5,"cdround,gass84"
"915","Siparuna guianensis",1455985115,3.28,-54.11,"gass84"
"916","Siparuna guianensis",1258501887,3.28944,-54.11444,"gass84"
"917","Siparuna guianensis",1140072992,3.289444,-54.114444,""
"918","Siparuna guianensis",1042499517,-2.810278,-55.61,"gass84,gdativ,preneglat"
"919","Siparuna guianensis",1260504468,-13.61527,-60.90833,"gass84"
"920","Siparuna guianensis",768752763,2.49,-72.66,"gass84"
"921","Siparuna guianensis",1089162461,-7.096389,-35.2325,"gass84"
"922","Siparuna guianensis",1827467074,-8.549167,-46.622222,"cdround,gass84"
"923","Siparuna guianensis",1260504254,-17.133333,-64.666667,"cdround,gass84"
"924","Siparuna guianensis",437961288,4.6,-52.26667,"gass84"
"925","Siparuna guianensis",1456371627,1.36306,-58.9594,"gass84"
"926","Siparuna guianensis",1424221085,-8.549167,-46.617222,"cdround,gass84"
"927","Siparuna guianensis",2236184431,-18.4458,-52.0056,"gass84"
"928","Siparuna guianensis",1138804921,1.35,-58.95,""
"929","Siparuna guianensis",1090700456,-17.923056,-51.717222,"gass84"
"930","Siparuna guianensis",768748420,-0.14,-74.75,"gass84"
"931","Siparuna guianensis",1147297213,-0.15,-74.77,"gass84"
"932","Siparuna guianensis",1456252673,1.33278,-58.965,"gass84"
"933","Siparuna guianensis",1139258405,1.316667,-58.95,""
"934","Siparuna guianensis",1258570923,-1.45,-77.6,"gass84"
"935","Siparuna guianensis",439548006,3.78333,-51.86667,"gass84"
"936","Siparuna guianensis",1258621839,-17.083333,-64.6667,"gass84"
"937","Siparuna guianensis",1094807824,-9.4,-47.816667,"gass84"
"938","Siparuna guianensis",1258550608,11.016667,-84.2,"cdround,gass84"
"939","Siparuna guianensis",1123792203,-19.861111,-40.615,"gass84"
"940","Siparuna guianensis",1258384519,11.01666,-84.2,"gass84"
"941","Siparuna guianensis",1258367768,-13.633333,-60.883333,"cdround,gass84"
"942","Siparuna guianensis",1208840871,-12,-41,"gass84"
"943","Siparuna guianensis",1259118814,-14.41666,-67.05,"gass84"
"944","Siparuna guianensis",1077200183,-16.366667,-39.566667,"gass84"
"945","Siparuna guianensis",1258366583,-14.705,-61.16027,"gass84"
"946","Siparuna guianensis",1087060449,-6.366667,-39.566667,"cdround,gass84"
"947","Siparuna guianensis",768730627,2.3,-72.73,"gass84"
"948","Siparuna guianensis",1260511477,3.15,-58.61666,"gass84"
"949","Siparuna guianensis",1089050622,-15.485278,-55.727222,"gass84"
"950","Siparuna guianensis",1456209239,3.15083,-58.6253,"gass84"
"951","Siparuna guianensis",1456257441,5.51,-67.55,"gass84"
"952","Siparuna guianensis",1140158415,3.283333,-58.75,""
"953","Siparuna guianensis",1260512123,3.28333,-58.75,"gass84"
"954","Siparuna guianensis",1089109749,-23.311111,-44.812222,"gass84"
"955","Siparuna guianensis",1258367659,-14.80472,-60.38722,"gass84"
"956","Siparuna guianensis",1456066914,3.28944,-58.7519,"gass84"
"957","Siparuna guianensis",2005823308,-15.0318,-52.0602,"gass84"
"958","Siparuna guianensis",1258463330,-3.74694,-73.24194,"gass84"
"959","Siparuna guianensis",1258364726,-14.55777,-60.93083,"gass84"
"960","Siparuna guianensis",1258365888,-14.55972,-60.76388,"gass84"
"961","Siparuna guianensis",1258364890,-14.61722,-60.83472,"gass84"
"962","Siparuna guianensis",1456192468,4.41667,-58.8333,"gass84"
"963","Siparuna guianensis",1089046952,-20.433333,-49.833333,"gass84"
"964","Siparuna guianensis",1260525496,-20.43333,-48.83333,"gass84"
"965","Siparuna guianensis",2005823268,-10.3118,-56.172,"gass84"
"966","Siparuna guianensis",2005823280,-9.816667,-54.666667,"gass84"
"967","Siparuna guianensis",1253654583,9.622395,-82.941497,"cdround"
"968","Siparuna guianensis",1123883146,6.132329,-75.090571,"cdround"
"969","Siparuna guianensis",2005823245,-10.3319,-56.1554,"gass84"
"970","Siparuna guianensis",2005823270,-10.433333,-54.216667,"gass84"
"971","Siparuna guianensis",1258464322,-3.95527,-73.42972,"gass84"
"972","Siparuna guianensis",2005823299,-10.05,-54.44,"gass84"
"973","Siparuna guianensis",2005823256,-9.38,-54.53,"gass84"
"974","Siparuna guianensis",1260509126,4.9,-67.56666,"gass84"
"975","Siparuna guianensis",1123882217,6.10785,-75.07826,""
"976","Siparuna guianensis",2005823238,-10.2,-54.783333,"gass84"
"977","Siparuna guianensis",2005823248,-10.32,-56.2,"gass84"
"978","Siparuna guianensis",2005823293,-13.175,-56.4233,"gass84"
"979","Siparuna guianensis",1260512508,7.16666,-64.83333,"gass84"
"980","Siparuna guianensis",1260511219,1.98333,-59.2,"gass84"
"981","Siparuna guianensis",1260510248,2.08333,-59.23333,"gass84"
"982","Siparuna guianensis",1260510976,1.91666,-59.1,"gass84"
"983","Siparuna guianensis",1456062212,2.09889,-59.2494,"gass84"
"984","Siparuna guianensis",1456121210,1.9275,-59.1161,"gass84"
"985","Siparuna guianensis",1456402723,1.96667,-59.15,"gass84"
"986","Siparuna guianensis",2005823261,-14.1,-56.48,"gass84"
"987","Siparuna guianensis",2005823223,-14.1,-56.38,"gass84"
"988","Siparuna guianensis",2005823319,-14.09,-56.45,"gass84"
"989","Siparuna guianensis",2005823265,-13.52,-56.32,"gass84"
"990","Siparuna guianensis",2005823274,-12.3557,-56.254,"gass84"
"991","Siparuna guianensis",2005823281,-12.14,-56.03,"gass84"
"992","Siparuna guianensis",1258512576,-12.588333,-68.688889,"cdround,gass84"
"993","Siparuna guianensis",1456312448,5.33333,-58.6667,"gass84"
"994","Siparuna guianensis",2005823295,-13.51,-56.29,"gass84"
"995","Siparuna guianensis",2005823258,-12.39,-56.28,"gass84"
"996","Siparuna guianensis",2005823275,-12.22,-56.11,"gass84"
"997","Siparuna guianensis",1260511221,5.60388,-66.10305,"gass84"
"998","Siparuna guianensis",1258711910,5.33333,-58.66666,"gass84"
"999","Siparuna guianensis",2005823284,-12.59,-56.27,"gass84"
"1000","Siparuna guianensis",2005823291,-12.3,-56.15,"gass84"
"1001","Siparuna guianensis",1260509935,5.47111,-65.48333,"gass84"
"1002","Siparuna guianensis",768743485,2.49,-72.69,"gass84"
"1003","Siparuna guianensis",1416798441,2,-72.5,"gass84"
"1004","Siparuna guianensis",2005823311,-10.366667,-58.783333,"gass84"
"1005","Siparuna guianensis",1928161878,-16.8672,-39.415,"gass84"
"1006","Siparuna guianensis",2005823343,-11.3943,-57.1607,"gass84"
"1007","Siparuna guianensis",1213515366,-19.7,-42.5,"gass84"
"1008","Siparuna guianensis",768747121,4.96,-72.72,"gass84"
"1009","Siparuna guianensis",2005823253,-14.933333,-55.016667,"gass84"
"1010","Siparuna guianensis",1258514973,-13.483333,-69.383333,"cdround,gass84"
"1011","Siparuna guianensis",2005823237,-14.53,-54.51,"gass84"
"1012","Siparuna guianensis",1086891165,-20.216667,-47.433333,"gass84"
"1013","Siparuna guianensis",2005823249,-14.44,-55.38,"gass84"
"1014","Siparuna guianensis",2005823277,-14.39,-55.14,"gass84"
"1015","Siparuna guianensis",1260523462,-4.12472,-73.46416,"gass84"
"1016","Siparuna guianensis",1932876511,5.22,-72.65,"gass84"
"1017","Siparuna guianensis",1260511958,-14.69833,-48.42333,"gass84"
"1018","Siparuna guianensis",1930237656,3.62,-53.2,"gass84"
"1019","Siparuna guianensis",438284293,4,-52,"gass84"
"1020","Siparuna guianensis",1077201641,-12.45,-41.466667,"gass84"
"1021","Siparuna guianensis",2236112056,-14.6983,-48.4233,"gass84"
"1022","Siparuna guianensis",1424018492,-14.698333,-48.423333,"cdround,gass84"
"1023","Siparuna guianensis",768746561,5.19,-72.6,"gass84"
"1024","Siparuna guianensis",1090562524,-22.85608,-47.09312,"gass84"
"1025","Siparuna guianensis",1424018052,-2.883333,-59.966667,"cdround,gass84"
"1026","Siparuna guianensis",1077207961,-12.683333,-38.316667,"gass84"
"1027","Siparuna guianensis",1042654445,-2.883333,-59.97,"gass84,gdativ"
"1028","Siparuna guianensis",768737283,2.17,-71.19,"gass84"
"1029","Siparuna guianensis",1707511779,2.178056,-71.190278,"cdround,gass84"
"1030","Siparuna guianensis",1456007884,5.78333,-61.05,"gass84"
"1031","Siparuna guianensis",1840931348,-22.5825,-50.496222,"gass84"
"1032","Siparuna guianensis",1253587963,9.397222,-83.594444,"cdround"
"1033","Siparuna guianensis",1089038513,-22.25,-43.5,"gass84"
"1034","Siparuna guianensis",1260510833,4.68333,-59.7,"gass84"
"1035","Siparuna guianensis",1095208695,-14.5925,-48.955,"gass84"
"1036","Siparuna guianensis",1087235032,-15.510833,-48.163056,"gass84"
"1037","Siparuna guianensis",1138712189,4.9,-52.3,""
"1038","Siparuna guianensis",1424489525,-15.931389,-40.574722,"cdround,gass84,muluriiv"
"1039","Siparuna guianensis",1090718897,-17.7,-48.483333,"gass84"
"1040","Siparuna guianensis",1123826050,-15.264722,-40.574722,"gass84"
"1041","Siparuna guianensis",1147293767,2.47,-72.39,"gass84"
"1042","Siparuna guianensis",1042565692,-15.510833,-48.06,"elmms,gass84,gdativ"
"1043","Siparuna guianensis",1265921897,-17.7,-48.48333,"gass84"
"1044","Siparuna guianensis",1087176194,-19.969444,-43.988056,"gass84"
"1045","Siparuna guianensis",1228278435,8.1667,-81.25,"gass84"
"1046","Siparuna guianensis",1260512810,4.15,-59.06666,"gass84"
"1047","Siparuna guianensis",1456146297,4.15,-59.0667,"gass84"
"1048","Siparuna guianensis",768741724,2.43,-72.73,"gass84"
"1049","Siparuna guianensis",1260510735,8.25,-63.58333,"gass84"
"1050","Siparuna guianensis",1089044657,-22.715,-48.328333,"gass84"
"1051","Siparuna guianensis",1228381734,-12,-70.25,"gass84"
"1052","Siparuna guianensis",1086889835,-22.386944,-49.023611,"gass84"
"1053","Siparuna guianensis",1258300830,-12.48638,-64.67138,"gass84"
"1054","Siparuna guianensis",1090718817,-13.983333,-48.3,"gass84"
"1055","Siparuna guianensis",1258301248,-14.38916,-61.14638,"gass84"
"1056","Siparuna guianensis",1123879751,7.84098,-77.1513,""
"1057","Siparuna guianensis",1141156187,7.366667,-59.7,""
"1058","Siparuna guianensis",1258300980,-12.48666,-64.65666,"gass84"
"1059","Siparuna guianensis",768740445,-0.55,-72.12,"gass84"
"1060","Siparuna guianensis",768740447,-0.55,-72.11,"gass84"
"1061","Siparuna guianensis",1258941084,-17.51666,-63.85,"gass84"
"1062","Siparuna guianensis",1140118174,-15.166667,-56.85,""
"1063","Siparuna guianensis",2235872071,-14.8464,-52.1436,"gass84"
"1064","Siparuna guianensis",1420319812,-13.416667,-58.083333,"gass84"
"1065","Siparuna guianensis",1258941139,-17.60388,-63.59861,"gass84"
"1066","Siparuna guianensis",1585338122,-20.718056,-42.016667,"cdround,gass84"
"1067","Siparuna guianensis",1424018135,-14.846389,-52.143611,"cdround,gass84"
"1068","Siparuna guianensis",1042563655,-14.833333,-52.13,"elmms,gass84,gdativ"
"1069","Siparuna guianensis",1090468236,-15.166667,-39.066667,"gass84"
"1070","Siparuna guianensis",1930956624,-15.2647,-40.5747,"gass84"
"1071","Siparuna guianensis",1228520058,-6.05,-77.18,"gass84"
"1072","Siparuna guianensis",1456482428,1.58417,-58.6097,"gass84"
"1073","Siparuna guianensis",1260057726,-6.05,-77.18333,"gass84"
"1074","Siparuna guianensis",1213515360,-19.704444,-42.516389,"gass84"
"1075","Siparuna guianensis",1090460849,-14.781944,-39.069167,"gass84"
"1076","Siparuna guianensis",1261863783,-14.76416,-61.03833,"gass84"
"1077","Siparuna guianensis",1931191562,-14.7819,-39.0692,"gass84"
"1078","Siparuna guianensis",1087723535,-4.546028,-46.670533,"gass84"
"1079","Siparuna guianensis",1424160337,-14.776389,-39.069167,"cdround,gass84"
"1080","Siparuna guianensis",1261917353,-4.916667,-78.316667,"cdround,gass84"
"1081","Siparuna guianensis",1259062221,4.93333,-57.81666,"gass84"
"1082","Siparuna guianensis",1456142276,4.93444,-57.8242,"gass84"
"1083","Siparuna guianensis",1253639221,10.643889,-83.736112,"cdround"
"1084","Siparuna guianensis",45986315,10.64,-83.73,"gass84,txmathi"
"1085","Siparuna guianensis",1930693312,-22.35833,-44.65833,"gass84"
"1086","Siparuna guianensis",1455941792,5.18917,-57.2853,"gass84"
"1087","Siparuna guianensis",1707507703,5.283333,-67.963889,"cdround,gass84"
"1088","Siparuna guianensis",1098680709,5.3275,-67.890556,"cdround"
"1089","Siparuna guianensis",1137543145,5.183333,-57.283333,""
"1090","Siparuna guianensis",1260512220,5.18333,-57.28333,"gass84"
"1091","Siparuna guianensis",1707521337,5.416667,-72.45,"cdround,gass84"
"1092","Siparuna guianensis",1094739507,-12.45,-41.416667,"gass84"
"1093","Siparuna guianensis",1324643942,5.2,-69.09,"gass84"
"1094","Siparuna guianensis",1261906136,-14.69083,-61.17055,"gass84"
"1095","Siparuna guianensis",1424018422,-12.0475,-37.723333,"cdround,gass84"
"1096","Siparuna guianensis",1140136176,7.516667,-58.983333,""
"1097","Siparuna guianensis",1261896393,-14.70833,-61.17472,"gass84"
"1098","Siparuna guianensis",1456112478,7.51667,-58.9833,"gass84"
"1099","Siparuna guianensis",1138882908,2.95,-52.533333,""
"1100","Siparuna guianensis",1260512989,7.51666,-58.98333,"gass84"
"1101","Siparuna guianensis",1424018214,-12.0475,-43.4,"gass84"
"1102","Siparuna guianensis",1456059963,5.68444,-57.8572,"gass84"
"1103","Siparuna guianensis",1089160466,-8.071111,-34.965,"gass84"
"1104","Siparuna guianensis",1456221760,5.76667,-58.5833,"gass84"
"1105","Siparuna guianensis",1138721435,5.766667,-58.583333,""
"1106","Siparuna guianensis",1258786606,5.76666,-58.58333,"gass84"
"1107","Siparuna guianensis",1095204318,-13.583333,-48.233333,"gass84"
"1108","Siparuna guianensis",1265921116,-14.02611,-48.29222,"gass84"
"1109","Siparuna guianensis",1259108855,-13.01666,-68.83333,"gass84"
"1110","Siparuna guianensis",1259122977,-13.76666,-68.13333,"gass84"
"1111","Siparuna guianensis",1090718550,-14.016667,-48.283333,"gass84"
"1112","Siparuna guianensis",1261893451,-13.91611,-60.80944,"gass84"
"1113","Siparuna guianensis",1707550387,5.333333,-72.5,"cdround,gass84"
"1114","Siparuna guianensis",1265921332,-13.5975,-48.188056,"cdround,gass84,preneglon"
"1115","Siparuna guianensis",1253639229,9.711111,-84.216111,"cdround"
"1116","Siparuna guianensis",1500374999,-20.81,-49.380556,"gass84"
"1117","Siparuna guianensis",1261929298,4.758333,-56.880556,"cdround,gass84"
"1118","Siparuna guianensis",1261906157,-14.55833,-60.75805,"gass84"
"1119","Siparuna guianensis",1261907309,-13.70277,-61.53277,"gass84"
"1120","Siparuna guianensis",768739335,3.86,-73.85,"gass84"
"1121","Siparuna guianensis",1261907362,-13.72277,-61.49055,"gass84"
"1122","Siparuna guianensis",1260505599,-13.72972,-61.46361,"gass84"
"1123","Siparuna guianensis",1260512120,2.9,-59.11666,"gass84"
"1124","Siparuna guianensis",1456223336,2.9,-59.11,"gass84"
"1125","Siparuna guianensis",1042509425,2.7398,-56.87,"elmms,gass84,gdativ"
"1126","Siparuna guianensis",1260512072,-2.88333,-59.96666,"gass84"
"1127","Siparuna guianensis",1260504879,4.66666,-58.7,"gass84"
"1128","Siparuna guianensis",1456346616,4.68333,-58.7,"gass84"
"1129","Siparuna guianensis",1261895634,-14.7,-61.166667,"cdround,gass84"
"1130","Siparuna guianensis",1140136173,4.583333,-58.616667,""
"1131","Siparuna guianensis",1260512349,4.58333,-58.61666,"gass84"
"1132","Siparuna guianensis",1456098965,4.58333,-58.625,"gass84"
"1133","Siparuna guianensis",1042620159,-2.5,-62.3,"gass84,gdativ"
"1134","Siparuna guianensis",1840931482,-2.005556,-61.592778,"gass84"
"1135","Siparuna guianensis",1228564417,5.5,-71.5,"gass84"
"1136","Siparuna guianensis",1138320374,4.666667,-58.7,""
"1137","Siparuna guianensis",1094817774,-1.983889,-61.592778,"gass84"
"1138","Siparuna guianensis",1265921346,-17.777777,-48.476667,"cdround,gass84,preneglon"
"1139","Siparuna guianensis",1261907797,-14.826667,-60.386111,"cdround,gass84"
"1140","Siparuna guianensis",1261926233,-14.81527,-60.38861,"gass84"
"1141","Siparuna guianensis",1228243171,-17.5,-61.5,"gass84"
"1142","Siparuna guianensis",1261907731,-14.80833,-60.40472,"gass84"
"1143","Siparuna guianensis",1260504911,4.75,-59.01666,"gass84"
"1144","Siparuna guianensis",1260504721,4.58333,-58.73333,"gass84"
"1145","Siparuna guianensis",1456425539,4.75472,-59.0244,"gass84"
"1146","Siparuna guianensis",1424018213,4.883333,-58.733333,"cdround,gass84,preneglon"
"1147","Siparuna guianensis",1138167249,4.583333,-58.733333,""
"1148","Siparuna guianensis",1456055093,4.58333,-58.7333,"gass84"
"1149","Siparuna guianensis",1261907882,-13.898611,-60.812778,"cdround,gass84"
"1150","Siparuna guianensis",1261926444,-14.81055,-60.38888,"gass84"
"1151","Siparuna guianensis",1138804822,4.75,-59.016667,""
"1152","Siparuna guianensis",1123919664,6.495473,-74.84024,""
"1153","Siparuna guianensis",1324645931,0.07,-72.2,"gass84"
"1154","Siparuna guianensis",1260509020,2.95,-52.53333,"gass84"
"1155","Siparuna guianensis",1890527037,2.416667,-59.25,""
"1156","Siparuna guianensis",1456224430,2.41667,-59.25,"gass84"
"1157","Siparuna guianensis",437618638,3.11667,-59.1,"gass84"
"1158","Siparuna guianensis",1847935962,4.7364,-58.7017,"gass84"
"1159","Siparuna guianensis",1456434169,3.11,-59.1,"gass84"
"1160","Siparuna guianensis",1259109489,-14.41666,-67.91666,"gass84"
"1161","Siparuna guianensis",1260509520,3.11666,-59.1,"gass84"
"1162","Siparuna guianensis",1456341318,2.93,-59.03,"gass84"
"1163","Siparuna guianensis",1424087371,-19.15,-46.25,"gass84"
"1164","Siparuna guianensis",1261874273,11.5,-84.2,"gass84"
"1165","Siparuna guianensis",1261874401,11.516667,-84.166667,"cdround,gass84"
"1166","Siparuna guianensis",1042510134,-15.933333,-47.92,"gass84,gdativ"
"1167","Siparuna guianensis",1253630954,10.569444,-84.047222,"cdround"
"1168","Siparuna guianensis",1077316774,-19.4,-54.5,"gass84"
"1169","Siparuna guianensis",1089041007,-21.213889,-48.8925,"gass84"
"1170","Siparuna guianensis",1291819562,-10.295833,-48.127778,"gass84"
"1171","Siparuna guianensis",1840931422,-22.033333,-47.5,"gass84"
"1172","Siparuna guianensis",1261864893,-13.65388,-60.83111,"gass84"
"1173","Siparuna guianensis",1258364292,-13.55166,-61.00805,"gass84"
"1174","Siparuna guianensis",1291819636,-10,-48.266667,"gass84"
"1175","Siparuna guianensis",1261866215,-13.63333,-60.81666,"gass84"
"1176","Siparuna guianensis",1261868028,-14.7,-61.15,"gass84"
"1177","Siparuna guianensis",1261865412,-13.73194,-61.39722,"gass84"
"1178","Siparuna guianensis",1261550392,-0.91666,-76.21666,"gass84"
"1179","Siparuna guianensis",768732153,5.33,-72.5,"gass84"
"1180","Siparuna guianensis",1259370279,7.966667,-77.716667,"cdround,gass84"
"1181","Siparuna guianensis",1424222251,-22.5,-42.266667,"cdround,gass84"
"1182","Siparuna guianensis",1456025495,4.8,-60.0333,"gass84"
"1183","Siparuna guianensis",1260512648,4.8,-60.03333,"gass84"
"1184","Siparuna guianensis",1077197584,-12.516667,-38.366667,"gass84"
"1185","Siparuna guianensis",1260512461,-1.73333,-51.38333,"gass84"
"1186","Siparuna guianensis",1261861364,-11.73333,-67.98333,"gass84"
"1187","Siparuna guianensis",1261861526,-14.55833,-60.76138,"gass84"
"1188","Siparuna guianensis",1261863162,-14.55444,-60.79666,"gass84"
"1189","Siparuna guianensis",1258594824,-22.655556,-55.9825,"cdround,gass84"
"1190","Siparuna guianensis",1261868127,-14.76222,-61.04805,"gass84"
"1191","Siparuna guianensis",1261869476,-14.71722,-61.16277,"gass84"
"1192","Siparuna guianensis",1261868715,-14.60694,-60.85638,"gass84"
"1193","Siparuna guianensis",1261860977,-14.76916,-61.03638,"gass84"
"1194","Siparuna guianensis",1261870218,-13.66666,-61.53333,"gass84"
"1195","Siparuna guianensis",1928818401,-18.7198874901567,-39.8588388826636,"cdrep"
"1196","Siparuna guianensis",1260509256,9.43333,-70.48333,"gass84"
"1197","Siparuna guianensis",1261895486,-14.71666,-60.93333,"gass84"
"1198","Siparuna guianensis",1087256799,-15.933333,-47.916667,"gass84"
"1199","Siparuna guianensis",1253630125,8.7,-83.55,"cdround"
"1200","Siparuna guianensis",1265921091,-17.9,-48.51667,"gass84"
"1201","Siparuna guianensis",1123814591,-22.543333,-42.284722,"gass84"
"1202","Siparuna guianensis",1929564943,-21.98494543573,-42.3682098423877,"cdrep"
"1203","Siparuna guianensis",1095204128,-17.96667,-48.58333,"gass84"
"1204","Siparuna guianensis",1265921092,-17.9,-48.5,"gass84"
"1205","Siparuna guianensis",1260512851,6.56666,-67.08333,"gass84"
"1206","Siparuna guianensis",1123885672,-0.533333,-72.1,"cdround"
"1207","Siparuna guianensis",1261866831,-14.533333,-60.85,"cdround,gass84"
"1208","Siparuna guianensis",1456363143,5.66667,-58,"gass84"
"1209","Siparuna guianensis",1253613042,8.659722,-83.554167,"cdround"
"1210","Siparuna guianensis",1258443059,2.26666,-68.36666,"gass84"
"1211","Siparuna guianensis",45985171,8.65,-83.55,"gass84,txmathi"
"1212","Siparuna guianensis",1260510533,5.56666,-67.58333,"gass84"
"1213","Siparuna guianensis",1262233968,-0.41666,-77.01666,"gass84"
"1214","Siparuna guianensis",1932875040,2.33,-72.75,"gass84"
"1215","Siparuna guianensis",1042568028,-1.5,-63,"gass84,gdativ"
"1216","Siparuna guianensis",1455952155,2.05,-59.1667,"gass84"
"1217","Siparuna guianensis",1265921279,-17.81667,-48.48333,"gass84"
"1218","Siparuna guianensis",1258330003,-13.6625,-60.83111,"gass84"
"1219","Siparuna guianensis",1928991136,-15.15,-39.08,"gass84"
"1220","Siparuna guianensis",1424018130,2.05,-59.166667,"cdround,gass84"
"1221","Siparuna guianensis",1260508929,2.05,-59.16666,"gass84"
"1222","Siparuna guianensis",768737240,-0.61,-72.34,"gass84"
"1223","Siparuna guianensis",1260511493,-11.143889,-66.162222,"gass84"
"1224","Siparuna guianensis",1265921230,-17.7,-48.53333,"gass84"
"1225","Siparuna guianensis",1261861600,-14.64,-60.795833,"cdround,gass84"
"1226","Siparuna guianensis",1265921258,-17.7,-48.533333,"cdround,gass84,preneglon"
"1227","Siparuna guianensis",1253643980,8.722222,-83.441667,"cdround"
"1228","Siparuna guianensis",1261862194,-13.533333,-61.016667,"cdround,gass84"
"1229","Siparuna guianensis",1261862703,-13.63277,-60.84722,"gass84"
"1230","Siparuna guianensis",1261865626,-14.66666,-60.76666,"gass84"
"1231","Siparuna guianensis",1261862861,-13.55,-61,"gass84"
"1232","Siparuna guianensis",2005801079,-22.1428,-47.4128,"gass84"
"1233","Siparuna guianensis",1087256740,-16.9567,-51.8103,"gass84"
"1234","Siparuna guianensis",1261868191,-14.56277,-60.77166,"gass84"
"1235","Siparuna guianensis",1261151531,-0.66666,-76.46666,"gass84"
"1236","Siparuna guianensis",1261866290,-13.65555,-60.81888,"gass84"
"1237","Siparuna guianensis",1261862171,-13.551944,-61.034722,"cdround,gass84"
"1238","Siparuna guianensis",1261870483,-13.64,-60.795833,"cdround,gass84"
"1239","Siparuna guianensis",1931317328,-14.59,-39.03,"gass84"
"1240","Siparuna guianensis",1260511680,-2.43333,-54.7,"gass84"
"1241","Siparuna guianensis",1424160365,-14.983333,-39.05,"cdround,gass84"
"1242","Siparuna guianensis",1042579962,-2.4,-59.87,"gass84,gdativ"
"1243","Siparuna guianensis",1424018165,6.5,-58.216667,"cdround,gass84"
"1244","Siparuna guianensis",437285977,6.5,-58.21667,"gass84"
"1245","Siparuna guianensis",1087722925,-2.599917,-44.276111,"gass84"
"1246","Siparuna guianensis",2236020580,-14.98,-39.05,"gass84"
"1247","Siparuna guianensis",1455939626,6.5,-58.2167,"gass84"
"1248","Siparuna guianensis",1260512039,-14.98333,-39.05,"gass84"
"1249","Siparuna guianensis",1928191443,-2.434182,-59.904816,"cdround"
"1250","Siparuna guianensis",45984795,12.31,-84.08,"gass84,txmathi"
"1251","Siparuna guianensis",1261701446,12.316667,-84.083333,"cdround,gass84"
"1252","Siparuna guianensis",1065431097,5.59564,-77.47615,""
"1253","Siparuna guianensis",2235809171,-2.42,-59.9,"gass84"
"1254","Siparuna guianensis",1260507768,-13.5,-61,"gass84"
"1255","Siparuna guianensis",1140907143,4.916667,-52.316667,""
"1256","Siparuna guianensis",1095200236,-13.466666,-48.383333,"cdround,gass84,preneglon"
"1257","Siparuna guianensis",1456153288,4.92,-52.32,"gass84"
"1258","Siparuna guianensis",438950700,4.66667,-58.68333,"gass84"
"1259","Siparuna guianensis",1456139410,4.66,-58.6842,"gass84"
"1260","Siparuna guianensis",2236068966,-2.4072,-59.7278,"gass84"
"1261","Siparuna guianensis",1928002971,-2.31537,-59.685474,"cdround"
"1262","Siparuna guianensis",1260509646,5.96666,-67.36666,"gass84"
"1263","Siparuna guianensis",1456115540,4.16667,-59.05,"gass84"
"1264","Siparuna guianensis",1262252516,-13.35,-69.66666,"gass84"
"1265","Siparuna guianensis",1585338109,-20.566667,-42.15,"cdround,gass84"
"1266","Siparuna guianensis",1260512423,4.16666,-59.05,"gass84"
"1267","Siparuna guianensis",1262237925,-11,-66.13333,"gass84"
"1268","Siparuna guianensis",1265920654,-14.03333,-48.3,"gass84"
"1269","Siparuna guianensis",1424018233,-14.033333,-48.3,"cdround,gass84"
"1270","Siparuna guianensis",1262250713,-11.8,-67.21666,"gass84"
"1271","Siparuna guianensis",2235834878,-2.32,-60.08,"gass84"
"1272","Siparuna guianensis",1228548642,-14,-65.5,"gass84"
"1273","Siparuna guianensis",1042580772,-2.316667,-60.08,"elmms,gass84,gdativ"
"1274","Siparuna guianensis",1257502880,-2.316667,-60.083333,"cdround,gass84"
"1275","Siparuna guianensis",1260509432,7.000333,-64.000467,"cdround,gass84"
"1276","Siparuna guianensis",1259138532,9.26,-83.87,"gass84"
"1277","Siparuna guianensis",1253630145,9.2625,-83.875,"cdround"
"1278","Siparuna guianensis",1260015045,-3.48333,-78.56666,"gass84"
"1279","Siparuna guianensis",1260526231,7.25,-58.71666,"gass84"
"1280","Siparuna guianensis",438284295,7.25,-58.71667,"gass84"
"1281","Siparuna guianensis",1456107006,7.25278,-58.725,"gass84"
"1282","Siparuna guianensis",1456408720,7,-58.25,"gass84"
"1283","Siparuna guianensis",1138721287,7.25,-58.716667,""
"1284","Siparuna guianensis",1929807686,6.6,-57.75,"gass84"
"1285","Siparuna guianensis",439284221,2,-59.25,"gass84"
"1286","Siparuna guianensis",1260509050,1.43333,-64.7,"gass84"
"1287","Siparuna guianensis",437951231,5.01667,-52.48333,"gass84"
"1288","Siparuna guianensis",1090718823,-14.466667,-48.45,"gass84"
"1289","Siparuna guianensis",1265922622,-14.46667,-48.45,"gass84"
"1290","Siparuna guianensis",1262246262,-12.833333,-69.283333,"cdround,gass84"
"1291","Siparuna guianensis",1936215384,3.45,-65.45,"gass84"
"1292","Siparuna guianensis",1456317723,6.53333,-58.6167,"gass84"
"1293","Siparuna guianensis",1253705453,10.332778,-84.078889,"cdround"
"1294","Siparuna guianensis",1260509789,6.58333,-62.66666,"gass84"
"1295","Siparuna guianensis",1262246522,-12.83333,-69.28333,"gass84"
"1296","Siparuna guianensis",1137425909,2.166667,-59.25,""
"1297","Siparuna guianensis",1260512425,2.16666,-59.25,"gass84"
"1298","Siparuna guianensis",437285979,2.16667,-59.25,"gass84"
"1299","Siparuna guianensis",1456270295,2.16,-59.25,"gass84"
"1300","Siparuna guianensis",1456263659,3.25,-54.16,"gass84"
"1301","Siparuna guianensis",1262249267,8,-77.75,"gass84"
"1302","Siparuna guianensis",1707525134,-3.783333,-70.25,"cdround,gass84"
"1303","Siparuna guianensis",1987015928,-3.333333,-72.916667,"gass84"
"1304","Siparuna guianensis",1261152999,-3.78333,-70.25,"gass84"
"1305","Siparuna guianensis",437285974,7.25,-58.41667,"gass84"
"1306","Siparuna guianensis",1261147567,-3.887778,-73.572778,"cdround,gass84"
"1307","Siparuna guianensis",1261148454,-3.33333,-72.91666,"gass84"
"1308","Siparuna guianensis",1260512207,7.25,-58.41666,"gass84"
"1309","Siparuna guianensis",1456368401,7.25,-58.5833,"gass84"
"1310","Siparuna guianensis",1095203836,-15.58333,-47.85,"gass84"
"1311","Siparuna guianensis",1456005836,7.36667,-60.4667,"gass84"
"1312","Siparuna guianensis",1257658873,4.0675,-53.161944,"cdround,gass84"
"1313","Siparuna guianensis",437951225,7.36667,-60.46667,"gass84"
"1314","Siparuna guianensis",1261153952,7.966667,-78.383333,"cdround,gass84"
"1315","Siparuna guianensis",1261866252,-14.63333,-62.61666,"gass84"
"1316","Siparuna guianensis",1840931898,-13.55,-61.008333,"gass84"
"1317","Siparuna guianensis",768723391,-0.61,-72.35,"gass84"
"1318","Siparuna guianensis",1929433373,-22.284139513863,-48.1202044255194,"cdrep"
"1319","Siparuna guianensis",1253617531,8.752778,-83.383333,"cdround"
"1320","Siparuna guianensis",1262246113,-12.48333,-69.05,"gass84"
"1321","Siparuna guianensis",1262245523,8.75,-83.37,"gass84"
"1322","Siparuna guianensis",1090718811,-13.816667,-48.25,"gass84"
"1323","Siparuna guianensis",1258090839,-23.966667,-55.266667,"cdround,gass84"
"1324","Siparuna guianensis",1144778967,-23.96667,-55.26667,"gass84,txmatfuz"
"1325","Siparuna guianensis",1260510774,-11.296934,-67.170153,"gass84"
"1326","Siparuna guianensis",1260510524,1.25,-70.25,"gass84"
"1327","Siparuna guianensis",1260512449,-11.83726,-68.629578,"gass84"
"1328","Siparuna guianensis",1265920271,-13.783333,-48.3,"gass84,preneglon"
"1329","Siparuna guianensis",1090718822,-13.783333,-48.233333,"gass84"
"1330","Siparuna guianensis",1265920310,-13.816666,-48.25,"gass84,preneglon"
"1331","Siparuna guianensis",1262234841,-17.08333,-64.66666,"gass84"
"1332","Siparuna guianensis",1265920527,-13.85,-48.25,"gass84"
"1333","Siparuna guianensis",1265920601,-18.58333,-45.36667,"gass84"
"1334","Siparuna guianensis",1213515311,-2.407222,-59.727778,"gass84"
"1335","Siparuna guianensis",1930641555,-18.58,-45.37,"gass84"
"1336","Siparuna guianensis",1253689977,10.45,-84.066667,"cdround"
"1337","Siparuna guianensis",1260506315,-15.11666,-66.13333,"gass84"
"1338","Siparuna guianensis",1042583110,-2.4,-59.72,"elmms,gass84,gdativ"
"1339","Siparuna guianensis",1261147582,-3.25,-72.9,"gass84"
"1340","Siparuna guianensis",1042520934,-7.9,-73.47,"gass84,gdativ"
"1341","Siparuna guianensis",438616973,7.71667,-59.86667,"gass84"
"1342","Siparuna guianensis",1228571459,-7,-76.8333,"gass84"
"1343","Siparuna guianensis",1424018243,7.716667,-59.866667,"cdround,gass84"
"1344","Siparuna guianensis",1424018379,-6.778333,-45.538611,"cdround,gass84"
"1345","Siparuna guianensis",1456474963,7.71667,-59.8667,"gass84"
"1346","Siparuna guianensis",1260057917,-6.38333,-76.38333,"gass84"
"1347","Siparuna guianensis",1265920476,-13.83333,-48.3,"gass84"
"1348","Siparuna guianensis",1123916831,2.432481,-72.439546,"cdround"
"1349","Siparuna guianensis",1123916869,2.268556,-73.649351,"cdround"
"1350","Siparuna guianensis",1456101682,5.98333,-58.4167,"gass84"
"1351","Siparuna guianensis",1936434493,5.3667,-58.1167,"gass84"
"1352","Siparuna guianensis",436953014,5.98333,-58.41667,"gass84"
"1353","Siparuna guianensis",1456138073,5.36667,-58.1167,"gass84"
"1354","Siparuna guianensis",1123913819,1.720586,-73.776538,"cdround"
"1355","Siparuna guianensis",1262241252,-3,-59.96666,"gass84"
"1356","Siparuna guianensis",1258299843,1.85,-73.8,"gass84"
"1357","Siparuna guianensis",1260509038,3.25,-64.93333,"gass84"
"1358","Siparuna guianensis",1140163464,5.983333,-58.416667,""
"1359","Siparuna guianensis",1261148538,-5.08333,-73.83333,"gass84"
"1360","Siparuna guianensis",437285978,4.13333,-59.06667,"gass84"
"1361","Siparuna guianensis",1260513085,2.96666,-65.35,"gass84"
"1362","Siparuna guianensis",437285969,4.15,-59.06667,"gass84"
"1363","Siparuna guianensis",1123916968,2.19403,-73.85292,""
"1364","Siparuna guianensis",1260506769,-16.5,-67.33333,"gass84"
"1365","Siparuna guianensis",1262243206,-12.58333,-69.06666,"gass84"
"1366","Siparuna guianensis",1042639792,-2.416667,-59.87,"gass84,gdativ"
"1367","Siparuna guianensis",2235883290,-15.9544,-47.8833,"gass84"
"1368","Siparuna guianensis",1898924109,6.65,-74.51667,""
"1369","Siparuna guianensis",1259117625,-13.08333,-68,"gass84"
"1370","Siparuna guianensis",1123913099,6.65,-74.516667,"cdround"
"1371","Siparuna guianensis",1929235225,6.65,-74.52,"gass84"
"1372","Siparuna guianensis",1260510342,8.31722,-75.08416,"gass84"
"1373","Siparuna guianensis",1456375949,3.61,-65.85,"gass84"
"1374","Siparuna guianensis",1260509766,4.26666,-66.7,"gass84"
"1375","Siparuna guianensis",1456281298,4.26,-66.7,"gass84"
"1376","Siparuna guianensis",1123913965,8.316667,-75.083333,"cdround"
"1377","Siparuna guianensis",1253711088,10.633333,-83.75,"cdround"
"1378","Siparuna guianensis",1258940072,6.05,-74.8,"gass84"
"1379","Siparuna guianensis",1258940045,5.866667,-74.65,"cdround,gass84"
"1380","Siparuna guianensis",1260509997,7.28333,-65.21666,"gass84"
"1381","Siparuna guianensis",1228374151,-15.5,-68,"gass84"
"1382","Siparuna guianensis",1455953145,5.8,-61.05,"gass84"
"1383","Siparuna guianensis",1258940061,6.05,-74.78333,"gass84"
"1384","Siparuna guianensis",1262235894,-13.58333,-68.76666,"gass84"
"1385","Siparuna guianensis",1707534882,6.05,-74.783333,"cdround,gass84"
"1386","Siparuna guianensis",1262246320,-12.58333,-69.05,"gass84"
"1387","Siparuna guianensis",768741531,2.76,-74.12,"gass84"
"1388","Siparuna guianensis",1894552716,17.378333,-91.368333,"elmms,gass84,preneglat,preneglon,preswcd"
"1389","Siparuna guianensis",1123915849,2.618653,-74.791745,"cdround"
"1390","Siparuna guianensis",1147293582,2.46,-74.8,"gass84"
"1391","Siparuna guianensis",1896290115,17.366667,-91.376667,"cdround,elmms,gass84"
"1392","Siparuna guianensis",1253706202,10.401111,-84.050833,"cdround"
"1393","Siparuna guianensis",1087722021,-15.825864,-48.074878,"gass84"
"1394","Siparuna guianensis",1262242493,-16.58333,-64.51666,"gass84"
"1395","Siparuna guianensis",1261149887,-12.81666,-69.3,"gass84"
"1396","Siparuna guianensis",1262250630,-17.83333,-63.8,"gass84"
"1397","Siparuna guianensis",1656071115,-20.716667,-42.016667,"cdround,gass84"
"1398","Siparuna guianensis",1456290532,4.66667,-58.6667,"gass84"
"1399","Siparuna guianensis",1262246628,-13.28333,-70.75,"gass84"
"1400","Siparuna guianensis",1987015552,-3.5,-72.833333,"gass84"
"1401","Siparuna guianensis",1424018397,-3.916667,-73.583333,"cdround,gass84"
"1402","Siparuna guianensis",438616977,4.66667,-58.66667,"gass84"
"1403","Siparuna guianensis",1261177236,-14.75,-62.75,"gass84"
"1404","Siparuna guianensis",1987016001,-4.166667,-73.5,"gass84"
"1405","Siparuna guianensis",1140460636,-14.783333,-62.8,""
"1406","Siparuna guianensis",1261146999,-3.88,-73.491944,"cdround,gass84"
"1407","Siparuna guianensis",1260509864,-15.48333,-66.46666,"gass84"
"1408","Siparuna guianensis",437951220,5.3,-59.08333,"gass84"
"1409","Siparuna guianensis",1456429964,5.3,-59.0833,"gass84"
"1410","Siparuna guianensis",438284294,3.61667,-53.2,"gass84"
"1411","Siparuna guianensis",1090718773,-15.416667,-48.016667,"gass84"
"1412","Siparuna guianensis",1456410713,5.28,-53.05,"gass84"
"1413","Siparuna guianensis",1929415483,-15.42,-48.02,"gass84"
"1414","Siparuna guianensis",1262245613,5.25,-74.83333,"gass84"
"1415","Siparuna guianensis",1260510860,5.33333,-53,"gass84"
"1416","Siparuna guianensis",1260509922,7.53333,-65.3,"gass84"
"1417","Siparuna guianensis",1260509680,2.96666,-64.68333,"gass84"
"1418","Siparuna guianensis",438543482,-12.83333,-69.33333,"gass84"
"1419","Siparuna guianensis",1260510057,6.22722,-67.21166,"gass84"
"1420","Siparuna guianensis",1123909724,7.56474,-74.884472,"cdround"
"1421","Siparuna guianensis",1138477829,-12.833333,-69.333333,""
"1422","Siparuna guianensis",1456288683,6.5,-58.25,"gass84"
"1423","Siparuna guianensis",1260509363,-15.5,-67.5,"gass84"
"1424","Siparuna guianensis",1273759826,8.339856,-74.564453,"cdround"
"1425","Siparuna guianensis",1456020764,7.21,-64.95,"gass84"
"1426","Siparuna guianensis",1140487909,4.7,-59.8,""
"1427","Siparuna guianensis",1087256716,-16.566667,-48.716667,"gass84"
"1428","Siparuna guianensis",438284298,4.70139,-59.8,"gass84"
"1429","Siparuna guianensis",1260509906,1.21666,-64.95,"gass84"
"1430","Siparuna guianensis",1261152919,6.35,-76.43333,"gass84"
"1431","Siparuna guianensis",1065430897,6.08413,-77.41019,""
"1432","Siparuna guianensis",1123912801,6.085813,-77.411187,"cdround"
"1433","Siparuna guianensis",1456058482,4.91,-52.35,"gass84"
"1434","Siparuna guianensis",1260509974,6.2,-67.53333,"gass84"
"1435","Siparuna guianensis",1065430850,6.10416,-77.42687,""
"1436","Siparuna guianensis",1138774727,4.916667,-52.35,""
"1437","Siparuna guianensis",1123913010,6.092978,-77.387498,"cdround"
"1438","Siparuna guianensis",1260512040,5.695,-67.23333,"gass84"
"1439","Siparuna guianensis",1123825890,-16.383333,-39.133333,"gass84"
"1440","Siparuna guianensis",1455983250,5.43333,-58.7667,"gass84"
"1441","Siparuna guianensis",1260508930,5.43333,-58.76666,"gass84"
"1442","Siparuna guianensis",1123911130,6.0845,-74.847,""
"1443","Siparuna guianensis",1455986327,3,-59.5167,"gass84"
"1444","Siparuna guianensis",1456115662,3.025,-59.4167,"gass84"
"1445","Siparuna guianensis",1260510274,7.18333,-64.21666,"gass84"
"1446","Siparuna guianensis",438284296,3.25,-59.41667,"gass84"
"1447","Siparuna guianensis",1123911091,6.222077,-74.857478,""
"1448","Siparuna guianensis",439284216,3,-59.51667,"gass84"
"1449","Siparuna guianensis",1260509056,6.15,-66.38333,"gass84"
"1450","Siparuna guianensis",1258299871,3.25,-74.28333,"gass84"
"1451","Siparuna guianensis",1929129135,-2.41625,-59.73056,"gass84"
"1452","Siparuna guianensis",1123912158,3.252222,-74.286111,"cdround"
"1453","Siparuna guianensis",1123916761,2.533333,-72.633333,"cdround"
"1454","Siparuna guianensis",1424489601,-2.407222,-59.730556,"cdround,gass84"
"1455","Siparuna guianensis",1456114303,1.56,-58.68,"gass84"
"1456","Siparuna guianensis",1260509778,1.65,-58.63333,"gass84"
"1457","Siparuna guianensis",1455956871,1.65,-58.63,"gass84"
"1458","Siparuna guianensis",1260509787,1.56666,-58.68333,"gass84"
"1459","Siparuna guianensis",437618661,1.56667,-58.68333,"gass84"
"1460","Siparuna guianensis",1456287407,5.33,-53,"gass84"
"1461","Siparuna guianensis",1456370453,6.79167,-59.7417,"gass84"
"1462","Siparuna guianensis",438950699,6.78333,-59.73333,"gass84"
"1463","Siparuna guianensis",1042542501,6.816667,-58.47,"elmms,gass84,gdativ"
"1464","Siparuna guianensis",1139132399,5.333333,-53,""
"1465","Siparuna guianensis",1260509754,6.81666,-58.46666,"gass84"
"1466","Siparuna guianensis",1456234599,6.81667,-58.4667,"gass84"
"1467","Siparuna guianensis",1260510124,3.95,-67.1,"gass84"
"1468","Siparuna guianensis",1928233478,-2.326638,-60.091744,"cdround"
"1469","Siparuna guianensis",1262240477,-12.58333,-69.08333,"gass84"
"1470","Siparuna guianensis",1262252151,-4.48333,-73.58333,"gass84"
"1471","Siparuna guianensis",1260522886,3.36666,-61.33333,"gass84"
"1472","Siparuna guianensis",1087256719,-16.45,-52.666667,"gass84"
"1473","Siparuna guianensis",1042537855,3.366667,-61.33,"gass84,gdativ"
"1474","Siparuna guianensis",1213514480,-17.4,-46.716667,"gass84"
"1475","Siparuna guianensis",1930609418,-16.67,-49.25,"gass84"
"1476","Siparuna guianensis",1456067230,5.83,-58.33,"gass84"
"1477","Siparuna guianensis",1123908516,2.286042,-74.648749,"cdround"
"1478","Siparuna guianensis",1260508990,-16.66666,-49.25,"gass84"
"1479","Siparuna guianensis",1123908919,7.80146,-75.28789,""
"1480","Siparuna guianensis",438616976,6.83333,-58.41667,"gass84"
"1481","Siparuna guianensis",1260512037,6.83333,-58.41666,"gass84"
"1482","Siparuna guianensis",1095197717,-12.08333,-49.03333,"gass84"
"1483","Siparuna guianensis",1260508976,4.45,-64.11666,"gass84"
"1484","Siparuna guianensis",1261148674,5.31666,-61.05,"gass84"
"1485","Siparuna guianensis",1090578543,-23.7975,-48.5928,"gass84"
"1486","Siparuna guianensis",1265920360,-7.48333,-48.55,"gass84"
"1487","Siparuna guianensis",1928696005,-7.48,-48.55,"gass84"
"1488","Siparuna guianensis",1095197542,-14.06667,-48.06667,"gass84"
"1489","Siparuna guianensis",1065430417,7.4581,-76.84469,""
"1490","Siparuna guianensis",1929470486,-16.555,-42.875,"gass84"
"1491","Siparuna guianensis",1139667928,4.3,-52.366667,""
"1492","Siparuna guianensis",1260513095,5.5,-67.41666,"gass84"
"1493","Siparuna guianensis",1456294186,5.33,-58.63,"gass84"
"1494","Siparuna guianensis",1262245326,-12.566667,-68.7,"cdround,gass84"
"1495","Siparuna guianensis",1262250476,-1.01666,-75.78333,"gass84"
"1496","Siparuna guianensis",1260506314,-16.13333,-41.2,"gass84"
"1497","Siparuna guianensis",1253691643,10.016667,-83.4,"cdround"
"1498","Siparuna guianensis",1258939720,5.88333,-74.93333,"gass84"
"1499","Siparuna guianensis",1585191828,-23.710803,-48.584889,"gass84"
"1500","Siparuna guianensis",1090578162,-23.423889,-48.35056,"gass84"
"1501","Siparuna guianensis",1261150215,-4.75,-73.63333,"gass84"
"1502","Siparuna guianensis",1260509380,8.58333,-61.91666,"gass84"
"1503","Siparuna guianensis",1840931043,-9.783333,-63.083333,"gass84"
"1504","Siparuna guianensis",1123909136,7.233333,-76.416667,"cdround"
"1505","Siparuna guianensis",1262233379,7.21666,-76.43333,"gass84"
"1506","Siparuna guianensis",1123906220,7.22467,-76.455378,"cdround"
"1507","Siparuna guianensis",1042579296,-9.783333,-63.07,"gass84,gdativ"
"1508","Siparuna guianensis",1042615813,3.366667,-61.93,"gass84,gdativ"
"1509","Siparuna guianensis",1141164888,6.833333,-58.416667,""
"1510","Siparuna guianensis",1094278464,-9.783333,-63.066667,"gass84"
"1511","Siparuna guianensis",1261148910,5.66666,-66.15,"gass84"
"1512","Siparuna guianensis",438616993,4.55,-52.13333,"gass84"
"1513","Siparuna guianensis",1456114282,6.83333,-58.4167,"gass84"
"1514","Siparuna guianensis",1123910763,5.730289,-76.604748,"cdround"
"1515","Siparuna guianensis",1042568344,3.366667,-61.43,"gass84,gdativ"
"1516","Siparuna guianensis",1123905772,7.246209,-76.439543,"cdround"
"1517","Siparuna guianensis",1258939716,6,-74.75,"gass84"
"1518","Siparuna guianensis",1123905651,7.244894,-76.491524,"cdround"
"1519","Siparuna guianensis",1455957348,5.61667,-57.5833,"gass84"
"1520","Siparuna guianensis",1260511338,5.61666,-57.58333,"elnn,gass84"
"1521","Siparuna guianensis",1260509404,6.13333,-63.91666,"gass84"
"1522","Siparuna guianensis",1260509784,6.36666,-63.31666,"gass84"
"1523","Siparuna guianensis",1260510880,6.11666,-63.75,"gass84"
"1524","Siparuna guianensis",1042486787,7.583333,-75.27,"elmms,gass84,gdativ"
"1525","Siparuna guianensis",1258939715,7.58333,-75.26666,"gass84"
"1526","Siparuna guianensis",1258939701,7.33333,-75.25,"gass84"
"1527","Siparuna guianensis",1260509522,6.375,-63.55833,"gass84"
"1528","Siparuna guianensis",1456373372,6.13,-63.91,"gass84"
"1529","Siparuna guianensis",1123906961,7.44327,-75.31173,""
"1530","Siparuna guianensis",1456331536,6.36,-63.31,"gass84"
"1531","Siparuna guianensis",1123906822,7.583333,-75.266667,"cdround"
"1532","Siparuna guianensis",1929042639,-22.6332545747533,-43.8983157889095,"cdrep"
"1533","Siparuna guianensis",1123908314,7.504353,-75.306964,"cdround"
"1534","Siparuna guianensis",1262239659,-12.45,-67.61666,"gass84"
"1535","Siparuna guianensis",1262239730,-10.56666,-66.1,"gass84"
"1536","Siparuna guianensis",1260511145,8.33333,-74.5,"gass84"
"1537","Siparuna guianensis",1123907359,8.340504,-74.563996,"cdround"
"1538","Siparuna guianensis",1140907125,2.866667,-54.066667,""
"1539","Siparuna guianensis",1424018112,1.25,-60.45,"gass84"
"1540","Siparuna guianensis",1456163649,2.86,-54.05,"gass84"
"1541","Siparuna guianensis",1086671137,-1.25,-60.45,"gass84"
"1542","Siparuna guianensis",1456316583,2.86,-54.06,"gass84"
"1543","Siparuna guianensis",1456337003,4.58333,-52.2833,"gass84"
"1544","Siparuna guianensis",1123907797,6.97376,-74.62814,""
"1545","Siparuna guianensis",1455993065,3.61,-54.08,"gass84"
"1546","Siparuna guianensis",1257976169,4.583333,-52.283333,"cdround,gass84"
"1547","Siparuna guianensis",1423910343,0.25,-66.85,"gass84"
"1548","Siparuna guianensis",1042661971,0.866667,-52.55,"gass84,gdativ,preneglon"
"1549","Siparuna guianensis",1208840317,-3.633333,-45.466667,"gass84"
"1550","Siparuna guianensis",1042479386,-0.25,-50.5,"gass84,gdativ"
"1551","Siparuna guianensis",1260512658,0.01666,-52.88333,"gass84"
"1552","Siparuna guianensis",1123908083,8.033333,-75.083333,"cdround"
"1553","Siparuna guianensis",1929526252,3.333333,-61.416667,"gass84"
"1554","Siparuna guianensis",1042613399,1.37076,-61.42,"gass84,gdativ"
"1555","Siparuna guianensis",1260511713,5,-59.56666,"gass84"
"1556","Siparuna guianensis",1137386777,5,-59.566667,""
"1557","Siparuna guianensis",1260511686,0.25,-50.5,"gass84"
"1558","Siparuna guianensis",1262246125,8.03333,-75.16666,"gass84"
"1559","Siparuna guianensis",1456443266,5,-59.5667,"gass84"
"1560","Siparuna guianensis",1140150798,3.35,-59.566667,""
"1561","Siparuna guianensis",1456360750,3.35,-59.56,"gass84"
"1562","Siparuna guianensis",1260512361,3.35,-59.56666,"gass84"
"1563","Siparuna guianensis",1424018126,0.3,-68.666667,"cdround,gass84"
"1564","Siparuna guianensis",1042542605,-3.6528,-68.67,"gass84,gdativ,preneglat"
"1565","Siparuna guianensis",1928457540,-11.8783,-45.4539,"gass84"
"1566","Siparuna guianensis",437951245,-11.87833,-45.45389,"gass84"
"1567","Siparuna guianensis",768726941,-0.61,-72.32,"gass84"
"1568","Siparuna guianensis",1262246747,-0.55,-76.36666,"gass84"
"1569","Siparuna guianensis",1929353384,-3.033333,-60.583333,"gass84"
"1570","Siparuna guianensis",1087499284,-22.8,-48.284722,"gass84"
"1571","Siparuna guianensis",1260512701,-3.03333,-60.58333,"gass84"
"1572","Siparuna guianensis",1262254110,-6.26666,-76.28333,"gass84"
"1573","Siparuna guianensis",1946169212,-6.266667,-76.283333,"cdround,gass84,gdativ"
"1574","Siparuna guianensis",1456289611,4.94,-52.31,"gass84"
"1575","Siparuna guianensis",1260509773,5.93333,-62.28333,"gass84"
"1576","Siparuna guianensis",1424018531,-22.066667,-53.316667,"cdround,gass84"
"1577","Siparuna guianensis",1261148551,5.9,-62.26666,"gass84"
"1578","Siparuna guianensis",1089011915,-22.8,-48.297222,"gass84"
"1579","Siparuna guianensis",1456478172,3.83,-54.18,"gass84"
"1580","Siparuna guianensis",1262254434,-6.5,-76.36666,"gass84"
"1581","Siparuna guianensis",1262249018,-3.25,-72.91666,"gass84"
"1582","Siparuna guianensis",1042641146,-3.75,-61.83,"elmms,gass84,gdativ"
"1583","Siparuna guianensis",1042537209,4.1702,-61.43,"gass84,gdativ"
"1584","Siparuna guianensis",1898877987,2.397162,-77.687828,"cdround"
"1585","Siparuna guianensis",1260511625,3.75,-61.83333,"gass84"
"1586","Siparuna guianensis",1424018563,3.75,-61.833333,"cdround,gass84"
"1587","Siparuna guianensis",1258258534,7.968165,-76.20826,"gass84"
"1588","Siparuna guianensis",1260512213,-2.83333,-60.66666,"gass84"
"1589","Siparuna guianensis",1927854515,2.83,-60.67,"gass84"
"1590","Siparuna guianensis",1042642633,-3.75,-61.75,"elmms,gass84,gdativ"
"1591","Siparuna guianensis",1228480467,8.4833,-78.5,"gass84"
"1592","Siparuna guianensis",1042642991,2.833333,-60.67,"gass84,gdativ"
"1593","Siparuna guianensis",1928356643,3.75,-61.75,"gass84"
"1594","Siparuna guianensis",1258976316,9.09194,-79.67527,"gass84"
"1595","Siparuna guianensis",1455999012,7.63333,-60.0667,"gass84"
"1596","Siparuna guianensis",1042641917,-2.833333,-60.58,"gass84,gdativ"
"1597","Siparuna guianensis",1094278459,-2.666667,-60.333333,"gass84"
"1598","Siparuna guianensis",1260512867,2.83333,-60.58333,"gass84"
"1599","Siparuna guianensis",1140997304,7.6,-60,""
"1600","Siparuna guianensis",1931006453,-2.833333,-60.583333,"gass84"
"1601","Siparuna guianensis",1042641109,-2.666667,-60.33,"gass84,gdativ"
"1602","Siparuna guianensis",1140104544,7.633333,-60.066667,""
"1603","Siparuna guianensis",1424018368,2.5,-60.916667,"cdround,gass84"
"1604","Siparuna guianensis",1065429809,6.52187,-76.96974,""
"1605","Siparuna guianensis",1261147149,-9.96666,-67.8,"gass84"
"1606","Siparuna guianensis",438616975,7.63472,-60.06667,"gass84"
"1607","Siparuna guianensis",1123904575,8.037528,-75.177243,"cdround"
"1608","Siparuna guianensis",1123905608,7.46136,-75.2542,""
"1609","Siparuna guianensis",1456186321,2.83,-60.58,"gass84"
"1610","Siparuna guianensis",1260509031,7.63333,-60.06666,"gass84"
"1611","Siparuna guianensis",1261147062,-1.45,-48.48333,"gass84"
"1612","Siparuna guianensis",1262255525,-7.61666,-72.6,"gass84"
"1613","Siparuna guianensis",1929604248,-3.49530408217513,-45.2510857721038,"cdrep"
"1614","Siparuna guianensis",1260512947,5.58333,-67.33333,"gass84"
"1615","Siparuna guianensis",1928378855,-2.749046,-66.767435,"cdround"
"1616","Siparuna guianensis",1042518909,-2.716667,-66.7,"gass84,gdativ"
"1617","Siparuna guianensis",1929593964,-3.20672144229959,-52.2071248775715,"cdrep"
"1618","Siparuna guianensis",1928575473,-2.72,-66.7,"gass84"
"1619","Siparuna guianensis",1123904851,8.023644,-75.090089,""
"1620","Siparuna guianensis",1849000840,-3,-67,""
"1621","Siparuna guianensis",768725536,-0.6,-72.38,"gass84"
"1622","Siparuna guianensis",438284306,5.55,-53.93333,"gass84"
"1623","Siparuna guianensis",1456131639,5.55,-53.9333,"gass84"
"1624","Siparuna guianensis",1456087179,3.63333,-53.2333,"gass84"
"1625","Siparuna guianensis",1141136836,5.6,-57.583333,""
"1626","Siparuna guianensis",1928941115,5.6,-57.58,"gass84"
"1627","Siparuna guianensis",1456455993,5.6,-57.5833,"gass84"
"1628","Siparuna guianensis",436953015,5.6,-57.58333,"gass84"
"1629","Siparuna guianensis",1260511877,6.41666,-67.41666,"gass84"
"1630","Siparuna guianensis",1262243791,-21.41666,-42.5,"gass84"
"1631","Siparuna guianensis",1262243596,-19.666667,-41.75,"cdround,gass84"
"1632","Siparuna guianensis",1262243386,-19.66666,-41.75,"gass84"
"1633","Siparuna guianensis",1147293903,5.3,-67.91,"gass84"
"1634","Siparuna guianensis",1065429423,5.72189,-76.660037,""
"1635","Siparuna guianensis",1262234081,5.3,-67.91666,"gass84"
"1636","Siparuna guianensis",1260510928,5.69472,-76.66222,"gass84"
"1637","Siparuna guianensis",1273759841,8.368017,-74.484242,"cdround"
"1638","Siparuna guianensis",1123909308,-0.644488,-72.293777,"cdround"
"1639","Siparuna guianensis",1042535119,-7.5,-63.17,"gass84,gdativ"
"1640","Siparuna guianensis",1260510783,-7.5,-63.16666,"gass84"
"1641","Siparuna guianensis",1213514926,-16.628611,-55.187778,"gass84"
"1642","Siparuna guianensis",1438027602,0.416667,-60.333333,"gass84"
"1643","Siparuna guianensis",1042498540,0.416667,-60.33,"gass84,gdativ"
"1644","Siparuna guianensis",1094278471,0.8,-63.35,"gass84"
"1645","Siparuna guianensis",1262235227,-3.45,-78.56666,"gass84"
"1646","Siparuna guianensis",1438027465,0.7,-63.366667,"gass84"
"1647","Siparuna guianensis",1928983138,-3.45,-78.57,"gass84"
"1648","Siparuna guianensis",1042612344,3.6533,-63.35,"gass84,gdativ"
"1649","Siparuna guianensis",1707553288,3.866667,-73.85,"cdround,gass84"
"1650","Siparuna guianensis",1262249903,6,-65,"gass84"
"1651","Siparuna guianensis",1262238959,-17.733333,-63.666667,"cdround,gass84"
"1652","Siparuna guianensis",1262242259,-1.5,-76.53333,"gass84"
"1653","Siparuna guianensis",1260508966,6.21666,-61.45,"gass84"
"1654","Siparuna guianensis",1260513636,0.7,-63.36666,"gass84"
"1655","Siparuna guianensis",1260510351,6.25,-67.13333,"gass84"
"1656","Siparuna guianensis",1930981993,-12.42,-55.75,"gass84"
"1657","Siparuna guianensis",1042515877,-12.416667,-55.75,"gass84,gdativ"
"1658","Siparuna guianensis",1931314367,-12.3,-55.38,"gass84"
"1659","Siparuna guianensis",1424018092,4.416667,-61.616667,"cdround,gass84"
"1660","Siparuna guianensis",1260509317,-10.41666,-50.5,"gass84"
"1661","Siparuna guianensis",1042589138,-10.416667,-50.5,"gass84,gdativ"
"1662","Siparuna guianensis",2236164908,-15.38,-55.83,"gass84"
"1663","Siparuna guianensis",1094278492,-15.383333,-55.833333,"gass84"
"1664","Siparuna guianensis",1927809549,-10.42,-50.5,"gass84"
"1665","Siparuna guianensis",1042664330,-15.383333,-55.83,"gass84,gdativ"
"1666","Siparuna guianensis",1260906538,-5.91666,-76.13333,"gass84"
"1667","Siparuna guianensis",1262249566,4.41666,-61.61666,"gass84"
"1668","Siparuna guianensis",1929032475,-10.45,-54.17,"gass84"
"1669","Siparuna guianensis",1929295923,-10.42,-51.45,"gass84"
"1670","Siparuna guianensis",1042589247,-11.166667,-51.67,"gass84,gdativ"
"1671","Siparuna guianensis",1065429586,5.73959,-76.636699,""
"1672","Siparuna guianensis",1260509924,-15.38333,-55.83333,"gass84"
"1673","Siparuna guianensis",1424018460,-5.916667,-76.133333,"cdround,gass84"
"1674","Siparuna guianensis",1228590638,-12.5,-72.5,"gass84"
"1675","Siparuna guianensis",1262238630,-15.4,-67.18333,"gass84"
"1676","Siparuna guianensis",1456164034,4.18,-52.31,"gass84"
"1677","Siparuna guianensis",1262236544,-15.75,-67.48333,"gass84"
"1678","Siparuna guianensis",1930567682,-19.67,-41.83,"gass84"
"1679","Siparuna guianensis",1262247291,-6.5,-76.41666,"gass84"
"1680","Siparuna guianensis",1259116567,-13.08333,-67.25,"gass84"
"1681","Siparuna guianensis",1261149165,0.83333,-66.16666,"gass84"
"1682","Siparuna guianensis",1258331199,7.653093,-76.967289,"gass84"
"1683","Siparuna guianensis",1123904632,7.602115,-76.847585,"cdround"
"1684","Siparuna guianensis",1930878749,1.65317,-61.056497,"cdround"
"1685","Siparuna guianensis",1065428451,5.64389,-76.62424,""
"1686","Siparuna guianensis",1260509165,5.68333,-76.66666,"gass84"
"1687","Siparuna guianensis",1090553994,-21.7944,-48.1756,"gass84"
"1688","Siparuna guianensis",1424018209,-12.216667,-61.016667,"cdround,gass84"
"1689","Siparuna guianensis",1260523947,-12.21666,-60,"gass84"
"1690","Siparuna guianensis",1258331209,5.88333,-74.65,"gass84"
"1691","Siparuna guianensis",1929711947,-12.22,-60.98,"gass84"
"1692","Siparuna guianensis",1123905028,5.93631,-74.849556,"cdround"
"1693","Siparuna guianensis",1042514415,-12.216667,-60.98,"gass84,gdativ"
"1694","Siparuna guianensis",1042514900,-11.2,-62.03,"gass84,gdativ"
"1695","Siparuna guianensis",1262234857,0.833333,-66.083333,"cdround,gass84"
"1696","Siparuna guianensis",1262235016,1.883333,-66.583333,"cdround,gass84"
"1697","Siparuna guianensis",1262240699,12,-83.76666,"gass84"
"1698","Siparuna guianensis",1042515614,-7.133333,-73.22,"gass84,gdativ"
"1699","Siparuna guianensis",2235804216,-1.42,-48.45,"gass84"
"1700","Siparuna guianensis",1260512026,0.01666,-51.08333,"gass84"
"1701","Siparuna guianensis",1262233030,9.58,-82.65,"gass84"
"1702","Siparuna guianensis",1261149916,5.65,-67.63333,"gass84"
"1703","Siparuna guianensis",1123900492,5.739922,-76.646461,"cdround"
"1704","Siparuna guianensis",1456131589,5.41,-53.96,"gass84"
"1705","Siparuna guianensis",1065429191,5.74,-76.54093,""
"1706","Siparuna guianensis",1260512246,-5.23333,-44.46666,"gass84"
"1707","Siparuna guianensis",1456452809,4.7,-54,"gass84"
"1708","Siparuna guianensis",1928897089,-5.23,-44.47,"gass84"
"1709","Siparuna guianensis",1262253036,5.66666,-76.66666,"gass84"
"1710","Siparuna guianensis",1257530081,-5.233333,-44.466667,"cdround,gass84"
"1711","Siparuna guianensis",1261146363,3.56666,-73.71666,"gass84"
"1712","Siparuna guianensis",1929828965,-5.88,-45.37,"gass84"
"1713","Siparuna guianensis",1260506187,-5.88333,-45.36666,"gass84"
"1714","Siparuna guianensis",1260511803,-3.83333,-46.06666,"gass84"
"1715","Siparuna guianensis",1929853686,-3.83,-46.07,"gass84"
"1716","Siparuna guianensis",1273759825,8.339856,-74.561356,"cdround"
"1717","Siparuna guianensis",1424018519,-9.583333,-54.916667,"cdround,gass84"
"1718","Siparuna guianensis",1929836016,-9.58,-54.92,"gass84"
"1719","Siparuna guianensis",1260510623,-9.58333,-54.91666,"gass84"
"1720","Siparuna guianensis",1261146612,1.23333,-70.23333,"gass84"
"1721","Siparuna guianensis",1930309339,-4.333333,-59.666667,"gass84"
"1722","Siparuna guianensis",1042514418,-4.366667,-58.67,"gass84,gdativ"
"1723","Siparuna guianensis",2236063876,-3.38,-57.75,"gass84"
"1724","Siparuna guianensis",1930446446,-3.416667,-57.75,"gass84"
"1725","Siparuna guianensis",1456259316,4.38,-61.71,"gass84"
"1726","Siparuna guianensis",1928716033,-4.166667,-58.683333,"gass84"
"1727","Siparuna guianensis",1262250111,7.58638,-72.08861,"gass84"
"1728","Siparuna guianensis",1042514675,-3.383333,-57.75,"gass84,gdativ"
"1729","Siparuna guianensis",1930958615,-4.366667,-58.666667,"gass84"
"1730","Siparuna guianensis",1042536503,-4.166667,-58.68,"gass84,gdativ"
"1731","Siparuna guianensis",2236162120,-4.17,-58.68,"gass84"
"1732","Siparuna guianensis",1260509326,-3.38333,-57.75,"gass84"
"1733","Siparuna guianensis",1065428529,5.74382,-76.54093,""
"1734","Siparuna guianensis",1260510554,6.51666,-62.88333,"gass84"
"1735","Siparuna guianensis",1456383859,6.51,-62.88,"gass84"
"1736","Siparuna guianensis",1260511356,5.783333,-76.683333,"cdround,gass84"
"1737","Siparuna guianensis",1456264828,6.1,-63.03,"gass84"
"1738","Siparuna guianensis",1424492923,-22.583333,-43.033333,"cdround,gass84"
"1739","Siparuna guianensis",1094933489,-15.002778,-49.047222,"gass84"
"1740","Siparuna guianensis",1456288321,5.01,-61.11,"gass84"
"1741","Siparuna guianensis",1262252522,-3.8,-73.41666,"gass84"
"1742","Siparuna guianensis",2235947362,-15.97,-47.92,"gass84"
"1743","Siparuna guianensis",1042544451,-15.966667,-47.92,"elmms,gass84,gdativ"
"1744","Siparuna guianensis",1090825625,-15.8,-47.916667,"gass84"
"1745","Siparuna guianensis",1424018517,-11.75,-66.033333,"cdround,gass84"
"1746","Siparuna guianensis",1424018423,-15.016667,-49.416667,"cdround,gass84"
"1747","Siparuna guianensis",1424018074,-5.85,-48.2,"gass84"
"1748","Siparuna guianensis",1213612185,-15.966667,-47.916667,"gass84"
"1749","Siparuna guianensis",1262243349,-3.940833,-73.471944,"cdround,gass84"
"1750","Siparuna guianensis",1456440568,3.66,-65.75,"gass84"
"1751","Siparuna guianensis",1262241223,11.98333,-83.76666,"gass84"
"1752","Siparuna guianensis",1262240886,12,-83.766667,"cdround,gass84"
"1753","Siparuna guianensis",1456286495,5.8,-67.33,"gass84"
"1754","Siparuna guianensis",1260513150,9.06666,-69.81666,"gass84"
"1755","Siparuna guianensis",1260512524,5.51666,-67.38333,"gass84"
"1756","Siparuna guianensis",1258976175,7.50972,-78.04638,"gass84"
"1757","Siparuna guianensis",1258520278,9,-69.9,"gass84"
"1758","Siparuna guianensis",1123880972,6.5444,-76.902943,"cdround"
"1759","Siparuna guianensis",1260509568,6,-76.78333,"gass84"
"1760","Siparuna guianensis",1065431239,6.50035,-77.10112,""
"1761","Siparuna guianensis",1262239302,-11,-66.08333,"gass84"
"1762","Siparuna guianensis",1260510145,-10.58333,-63.58333,"gass84"
"1763","Siparuna guianensis",1258976492,9,-78.58333,"gass84"
"1764","Siparuna guianensis",1424018267,-10.583333,-63.583333,"cdround,gass84"
"1765","Siparuna guianensis",1928490170,-10.583333,-63.58,"gass84"
"1766","Siparuna guianensis",2236088684,-5.53,-49.25,"gass84"
"1767","Siparuna guianensis",1260510297,-5.58333,-49.25,"gass84"
"1768","Siparuna guianensis",1928714617,-5.58,-49.25,"gass84"
"1769","Siparuna guianensis",1258500957,6.1,-76.85,"gass84"
"1770","Siparuna guianensis",1260504929,-6.4,-46.1,"gass84"
"1771","Siparuna guianensis",1930338930,-11.13,-69.13,"gass84"
"1772","Siparuna guianensis",1260505362,-11.16666,-66.13333,"gass84"
"1773","Siparuna guianensis",1929342801,-11.23,-69.08,"gass84"
"1774","Siparuna guianensis",1261886054,5.732485,-76.633244,"gass84"
"1775","Siparuna guianensis",1262247700,9,-78.5,"gass84"
"1776","Siparuna guianensis",1213515446,-11.233333,-69.083333,"gass84"
"1777","Siparuna guianensis",1228202335,-9.5,-75.8333,"gass84"
"1778","Siparuna guianensis",1262233953,-9.3,-74.96666,"gass84"
"1779","Siparuna guianensis",1262253218,-3.900556,-73.490278,"cdround,gass84"
"1780","Siparuna guianensis",1260510293,-3.21666,-64.83333,"gass84"
"1781","Siparuna guianensis",1042470794,-1.216667,-64.83,"gass84,gdativ"
"1782","Siparuna guianensis",1424018668,-2.466667,-65.05,"cdround,gass84"
"1783","Siparuna guianensis",1042593066,-3.316667,-64.82,"gass84,gdativ"
"1784","Siparuna guianensis",2236184890,-2.47,-65.05,"gass84"
"1785","Siparuna guianensis",1424018218,-3.316667,-64.816667,"cdround,gass84"
"1786","Siparuna guianensis",1260512503,-1.83333,-65.58333,"gass84"
"1787","Siparuna guianensis",1042592932,-1.833333,-65.58,"gass84,gdativ"
"1788","Siparuna guianensis",1260510041,-3.31666,-64.81666,"gass84"
"1789","Siparuna guianensis",1077584436,-9.9425,-36.378889,"gass84"
"1790","Siparuna guianensis",1258565730,7.8,-71.666667,"cdround,gass84"
"1791","Siparuna guianensis",1077184979,-12.433333,-38.966667,"gass84"
"1792","Siparuna guianensis",1258529352,5.58333,-66.16666,"gass84"
"1793","Siparuna guianensis",1258662007,11.983333,-83.766667,"cdround,gass84"
"1794","Siparuna guianensis",1258536934,7.58333,-63.11666,"gass84"
"1795","Siparuna guianensis",1931172124,12,-83.77,"gass84"
"1796","Siparuna guianensis",1262243415,-3.66666,-73.28333,"gass84"
"1797","Siparuna guianensis",1928399463,-1.83,-55.08,"gass84"
"1798","Siparuna guianensis",1260525972,1e-04,-54.000267,"cdround,gass84"
"1799","Siparuna guianensis",1257618243,-1.833333,-55.083333,"cdround,gass84"
"1800","Siparuna guianensis",1262243310,-11.08333,-65.75,"gass84"
"1801","Siparuna guianensis",1260509468,4.05,-66.01666,"gass84"
"1802","Siparuna guianensis",1930448717,-4.05,-49.9,"gass84"
"1803","Siparuna guianensis",1929306790,-6.5,-47.67,"gass84"
"1804","Siparuna guianensis",1042502510,-4.05,-49.78,"gass84,gdativ"
"1805","Siparuna guianensis",1260509439,-6.5,-47.5,"gass84"
"1806","Siparuna guianensis",1929890691,-3.9,-49.7,"gass84"
"1807","Siparuna guianensis",1424018525,-17.133333,-42.533333,"cdround,gass84"
"1808","Siparuna guianensis",1260511923,-4.05,-49.78333,"gass84"
"1809","Siparuna guianensis",1930567971,-4.084389,-49.834341,"cdround"
"1810","Siparuna guianensis",1260510434,-6.5,-47.66666,"gass84"
"1811","Siparuna guianensis",1260510049,-7.66666,-46.16666,"gass84"
"1812","Siparuna guianensis",1259120059,-15.25,-68.13333,"gass84"
"1813","Siparuna guianensis",2235830922,-5.98,-50.47,"gass84"
"1814","Siparuna guianensis",1930335165,-7.67,-46.17,"gass84"
"1815","Siparuna guianensis",1262239139,-15.33333,-68.51666,"gass84"
"1816","Siparuna guianensis",1138806437,-15.333333,-68.5,""
"1817","Siparuna guianensis",1042502956,-5.983333,-50.47,"gass84,gdativ"
"1818","Siparuna guianensis",1259062145,-8.072222,-50.181944,"cdround,gass84"
"1819","Siparuna guianensis",1087256773,-15.9344,-50.1403,"gass84"
"1820","Siparuna guianensis",2235757693,-15.9,-50.12,"gass84"
"1821","Siparuna guianensis",1090530086,-15.9,-50.116667,"gass84"
"1822","Siparuna guianensis",1258560715,7.68333,-71.46666,"gass84"
"1823","Siparuna guianensis",1042505304,-0.866667,-47.58,"elmms,gass84,gdativ"
"1824","Siparuna guianensis",1042505198,-0.983333,-46.25,"elmms,gass84,gdativ"
"1825","Siparuna guianensis",1259097547,-0.866667,-47.583333,"cdround,gass84"
"1826","Siparuna guianensis",1258976402,7.416667,-78.05,"cdround,gass84"
"1827","Siparuna guianensis",1259097795,-0.98333,-46.25,"gass84"
"1828","Siparuna guianensis",1258976148,7.41666,-78.05,"elnn,gass84"
"1829","Siparuna guianensis",1261496198,-12.81666,-69.28333,"gass84"
"1830","Siparuna guianensis",1928515281,-1.0919,-57.0369,""
"1831","Siparuna guianensis",1261149864,-3.83333,-73.33333,"gass84"
"1832","Siparuna guianensis",1042492566,1.933333,-67.05,"elmms,gass84,gdativ"
"1833","Siparuna guianensis",1042549388,-4.083333,-57.5,"elmms,gass84,gdativ,preneglat"
"1834","Siparuna guianensis",2236166946,-3,-45.67,"gass84"
"1835","Siparuna guianensis",1259062256,4.000333,-57.000417,"cdround,gass84"
"1836","Siparuna guianensis",1265920177,-17.283333,-46.766666,"gass84"
"1837","Siparuna guianensis",1228622446,5.6667,-56.8333,"gass84"
"1838","Siparuna guianensis",1090572878,-22.3722,-46.9422,"gass84"
"1839","Siparuna guianensis",1258976146,9.21666,-79.75,"gass84"
"1840","Siparuna guianensis",1260511755,4.08333,-57.5,"gass84"
"1841","Siparuna guianensis",1929299692,-3,-45.666667,"gass84"
"1842","Siparuna guianensis",2235909885,-3,-45.17,"gass84"
"1843","Siparuna guianensis",1042502076,-4.083333,-45.95,"gass84,gdativ"
"1844","Siparuna guianensis",1931070976,-4.08,-45.95,"gass84"
"1845","Siparuna guianensis",1042544152,-16.016667,-47.43,"elmms,gass84,gdativ"
"1846","Siparuna guianensis",1090825662,-16.016667,-47.433333,"gass84"
"1847","Siparuna guianensis",2236020707,-16.02,-47.43,"gass84"
"1848","Siparuna guianensis",1262245109,-4.5,-73.5,"gass84"
"1849","Siparuna guianensis",1260512581,-3.37222,-50.79722,"gass84"
"1850","Siparuna guianensis",1928997561,-3.535,-51.73278,""
"1851","Siparuna guianensis",1042581277,-2.5,-60.33,"gass84,gdativ"
"1852","Siparuna guianensis",1260512063,-2.5,-60.33333,"gass84"
"1853","Siparuna guianensis",1259476264,5.75,-76.45,"gass84"
"1854","Siparuna guianensis",1258669993,5.733,-76.584,"gass84"
"1855","Siparuna guianensis",1123881474,5.733056,-76.583889,"cdround"
"1856","Siparuna guianensis",1088988651,-22.811667,-48.214333,"gass84"
"1857","Siparuna guianensis",1455986191,4.11,-66.46,"gass84"
"1858","Siparuna guianensis",1228322083,7.1667,-68.8333,"gass84"
"1859","Siparuna guianensis",1259106096,6.65,-67.283333,"cdround,gass84"
"1860","Siparuna guianensis",1259062181,8.533333,-62.05,"cdround,gass84"
"1861","Siparuna guianensis",1259130711,6.7,-67.8,"gass84"
"1862","Siparuna guianensis",1259087471,8.466667,-62.283333,"cdround,gass84"
"1863","Siparuna guianensis",1258609096,-3.90111,-73.77583,"gass84"
"1864","Siparuna guianensis",768744514,5.34,-67.87,"gass84"
"1865","Siparuna guianensis",1424018344,5.25,-67.783333,"cdround,gass84"
"1866","Siparuna guianensis",1259171734,1.916667,-67.066667,"cdround,gass84"
"1867","Siparuna guianensis",1259091125,3.666667,-67.366667,"cdround,gass84"
"1868","Siparuna guianensis",1260509640,-3.75,-46.08333,"gass84"
"1869","Siparuna guianensis",1928327012,-3.75,-46.08,"gass84"
"1870","Siparuna guianensis",768741363,5.27,-68.56,"gass84"
"1871","Siparuna guianensis",1932875946,5.32,-67.87,"gass84"
"1872","Siparuna guianensis",1424018351,-3.75,-46.083333,"cdround,gass84"
"1873","Siparuna guianensis",1123909282,7.233333,-76.45,"cdround"
"1874","Siparuna guianensis",1123919272,7.27722,-76.560835,"cdround"
"1875","Siparuna guianensis",1260511233,0.16666,-63,"gass84"
"1876","Siparuna guianensis",1424018656,-0.166667,-63,"cdround,gass84"
"1877","Siparuna guianensis",768724820,5.33,-67.86,"gass84"
"1878","Siparuna guianensis",1929329235,-4.416667,-44.166667,"gass84"
"1879","Siparuna guianensis",1929535031,-17.87,-57.53,"gass84"
"1880","Siparuna guianensis",1928021222,-16.2565304858771,-47.9507751562949,"cdrep"
"1881","Siparuna guianensis",1090716904,-17.866667,-57.533333,"gass84"
"1882","Siparuna guianensis",1260509764,7.56666,-72.08333,"gass84"
"1883","Siparuna guianensis",768723367,-1.29,-69.55,"gass84"
"1884","Siparuna guianensis",1087256722,-14.4878,-46.1131,"gass84"
"1885","Siparuna guianensis",1929635698,-15.7834208090807,-47.9298726661488,"cdrep"
"1886","Siparuna guianensis",1062304981,6.51893,-74.10106,""
"1887","Siparuna guianensis",1260512820,-15.590555,-47.591389,"cdround,gass84"
"1888","Siparuna guianensis",1261487687,-3.91666,-77.7,"gass84"
"1889","Siparuna guianensis",1929980993,-1.121311,-46.815942,""
"1890","Siparuna guianensis",1260510645,-10.25,-63.33333,"gass84"
"1891","Siparuna guianensis",1929842573,-9.12347,-62.08,"gass84"
"1892","Siparuna guianensis",1424018420,-10.25,-63.333333,"cdround,gass84"
"1893","Siparuna guianensis",1260511760,-10.58472,-63.58333,"gass84"
"1894","Siparuna guianensis",1260510571,-9.123333,-62.9,"cdround,gass84"
"1895","Siparuna guianensis",1042669066,-9.116667,-62.9,"elmms,gass84,gdativ"
"1896","Siparuna guianensis",1042669220,-10.25,-63.33,"gass84,gdativ"
"1897","Siparuna guianensis",1042669852,-12.75,-60.17,"gass84,gdativ"
"1898","Siparuna guianensis",1258683399,-3.48333,-73.1,"gass84"
"1899","Siparuna guianensis",1260511507,-12.75,-60.16666,"gass84"
"1900","Siparuna guianensis",1930803345,-4.436442,-47.538503,""
"1901","Siparuna guianensis",1260505005,-10.815,-65.399167,"cdround,gass84"
"1902","Siparuna guianensis",1931160445,-3.396906,-55.059354,"cdround"
"1903","Siparuna guianensis",1139371571,6.216667,-68.816667,""
"1904","Siparuna guianensis",1137893846,3.933333,-67.133333,""
"1905","Siparuna guianensis",1424018545,-15.833333,-48.766667,"cdround,gass84"
"1906","Siparuna guianensis",1424018363,-16.55,-50.383333,"cdround,gass84"
"1907","Siparuna guianensis",1123913156,7.483333,-75.35,"cdround"
"1908","Siparuna guianensis",1424018360,5.85,-67.416667,"cdround,gass84"
"1909","Siparuna guianensis",1424018391,5.6,-67.616667,"cdround,gass84"
"1910","Siparuna guianensis",1262233637,5.85,-67.41666,"gass84"
"1911","Siparuna guianensis",1424018412,5.85,-67.4,"gass84"
"1912","Siparuna guianensis",1455959872,4.05,-66.81,"gass84"
"1913","Siparuna guianensis",1261150402,-0.116667,-75.25,"cdround,gass84"
"1914","Siparuna guianensis",768722831,-0.6,-73.17,"gass84"
"1915","Siparuna guianensis",1258976720,8.955,-79.61555,"gass84"
"1916","Siparuna guianensis",1259209537,7.13333,-63.16666,"gass84"
"1917","Siparuna guianensis",1930847404,-16.03,-59.5,"gass84"
"1918","Siparuna guianensis",1259211444,7.16666,-62.91666,"gass84"
"1919","Siparuna guianensis",1928496141,-16.420636,-39.138794,"cdround"
"1920","Siparuna guianensis",1928122795,-2.92,-45.75,"gass84"
"1921","Siparuna guianensis",1928628322,-2.626469,-54.980084,""
"1922","Siparuna guianensis",1930583657,-1.17272746255144,-47.7957465826534,"cdrep"
"1923","Siparuna guianensis",1928116640,-2.567621,-54.970832,""
"1924","Siparuna guianensis",1930567526,-3.27809705053369,-45.6584116072282,"cdrep"
"1925","Siparuna guianensis",1087256738,-14.666667,-52.35,"gass84"
"1926","Siparuna guianensis",1087256688,-15.883333,-52.25,"gass84"
"1927","Siparuna guianensis",1928240866,-14.73,-52.33,"gass84"
"1928","Siparuna guianensis",2235915137,-8.67,-54.2,"gass84"
"1929","Siparuna guianensis",1260509776,-14.73333,-52.33333,"gass84"
"1930","Siparuna guianensis",1042543576,-3.5,-60.25,"gass84,gdativ"
"1931","Siparuna guianensis",1123909252,7.533302,-75.2787,""
"1932","Siparuna guianensis",1455966754,5.61,-67.6,"gass84"
"1933","Siparuna guianensis",1259078025,6.55,-67.283333,"cdround,gass84"
"1934","Siparuna guianensis",1929533405,-1.438098,-48.44475,"cdround"
"1935","Siparuna guianensis",1930391288,-0.417188561110753,-65.0206990382957,"cdrep"
"1936","Siparuna guianensis",1123912496,5.945779,-76.940935,"cdround"
"1937","Siparuna guianensis",1258299245,8.93944,-79.88027,"gass84"
"1938","Siparuna guianensis",1139977160,5.566667,-67.583333,""
"1939","Siparuna guianensis",1456014742,5.56,-67.58,"gass84"
"1940","Siparuna guianensis",1042538545,5.566667,-67.58,"elmms,gass84,gdativ"
"1941","Siparuna guianensis",1930025285,-3.7692,-49.6742,""
"1942","Siparuna guianensis",1137864273,-6,-50.25,""
"1943","Siparuna guianensis",1928326735,-3.262909,-52.365972,""
"1944","Siparuna guianensis",1930988324,-3.271835,-52.397876,"cdround"
"1945","Siparuna guianensis",1456081980,5.31,-66.1,"gass84"
"1946","Siparuna guianensis",1424018727,-8.966667,-48.283333,"cdround,gass84"
"1947","Siparuna guianensis",1929918526,-5.37205930685157,-49.1183322888616,"cdrep"
"1948","Siparuna guianensis",1928328932,-4.552319,-49.819356,"cdround"
"1949","Siparuna guianensis",1930579114,-4.4342,-49.1414,""
"1950","Siparuna guianensis",1424018342,-13.966667,-60.3,"cdround,gass84"
"1951","Siparuna guianensis",1929842633,-8.7367,-54.9644,""
"1952","Siparuna guianensis",1261922200,-3.901111,-73.49,"cdround,gass84"
"1953","Siparuna guianensis",1139758920,1.916667,-67.083333,""
"1954","Siparuna guianensis",1424018357,-13.85,-60.166667,"cdround,gass84"
"1955","Siparuna guianensis",1259201963,1.91666,-67.06666,"gass84"
"1956","Siparuna guianensis",1424018468,-3.416667,-53.2,"cdround,gass84"
"1957","Siparuna guianensis",1262235678,-3.83333,-73.26666,"gass84"
"1958","Siparuna guianensis",1262236182,-3.8,-73.416667,"cdround,gass84"
"1959","Siparuna guianensis",1262241714,-12.633333,-69.183333,"cdround,gass84"
"1960","Siparuna guianensis",1928309887,-4,-55.07,"gass84"
"1961","Siparuna guianensis",1123907237,7.296185,-75.071534,"cdround"
"1962","Siparuna guianensis",1042550730,4.833333,-65.33,"elmms,gass84,gdativ"
"1963","Siparuna guianensis",1258975667,9.10583,-78.76,"gass84"
"1964","Siparuna guianensis",1890903862,7.900475,-77.148574,""
"1965","Siparuna guianensis",1930248437,-22.9038524686268,-47.0604339702591,"cdrep"
"1966","Siparuna guianensis",1258940095,7.5,-74.83333,"gass84"
"1967","Siparuna guianensis",1123911205,7.216667,-75.050556,"cdround"
"1968","Siparuna guianensis",1259095158,8.028477,-77.215926,"gass84"
"1969","Siparuna guianensis",1258976348,7.75,-77.683333,"cdround,gass84"
"1970","Siparuna guianensis",1259094420,8.119923,-77.13364,"gass84"
"1971","Siparuna guianensis",1258976380,7.75,-77.68333,"gass84"
"1972","Siparuna guianensis",1258975966,9.24388,-79.81583,"gass84"
"1973","Siparuna guianensis",1262246588,-3.65,-73.3,"gass84"
"1974","Siparuna guianensis",1929479552,-20.028499153208,-48.941151964069,"cdrep"
"1975","Siparuna guianensis",1931062000,0.615266,-51.765218,"cdround"
"1976","Siparuna guianensis",1260510899,9.75,-70.25,"gass84"
"1977","Siparuna guianensis",1123916182,5.715423,-76.655524,"cdround"
"1978","Siparuna guianensis",1258976277,8,-77.7,"gass84"
"1979","Siparuna guianensis",1259067943,5.5848,-67.5821,"gass84"
"1980","Siparuna guianensis",1259079242,8.130153,-77.179415,"gass84"
"1981","Siparuna guianensis",1257663520,9.166667,-79.766667,"cdround,gass84"
"1982","Siparuna guianensis",2236149469,-19.77,-42.6,"gass84"
"1983","Siparuna guianensis",1262246842,-3.683333,-73.216667,"cdround,gass84"
"1984","Siparuna guianensis",1262247024,-3.833333,-73.5,"cdround,gass84"
"1985","Siparuna guianensis",1901019736,2.790556,-52.461389,"gass84"
"1986","Siparuna guianensis",1929140079,-2.95487,-59.928188,"cdround"
"1987","Siparuna guianensis",1087256766,-17.8,-48.75,"gass84"
"1988","Siparuna guianensis",1123902771,5.668,-76.63224,""
"1989","Siparuna guianensis",1259016695,6.220556,-77.4075,"cdround,elnn,gass84"
"1990","Siparuna guianensis",1932878651,3.28,-73.92,"gass84"
"1991","Siparuna guianensis",1930664577,-17.0566,-51.816667,"cdround"
"1992","Siparuna guianensis",1930651410,-3.449167,-64.879289,"cdround"
"1993","Siparuna guianensis",1930103523,-3.37,-64.7,"gass84"
"1994","Siparuna guianensis",1929886079,-3.4247,-60.2817,"gass84"
"1995","Siparuna guianensis",1258565983,9.15194,-79.73638,"gass84"
"1996","Siparuna guianensis",2235746932,-10.2,-59.35,"gass84"
"1997","Siparuna guianensis",1928808374,-14.5223,-48.45,""
"1998","Siparuna guianensis",1928227856,-15.85,-48.75395,""
"1999","Siparuna guianensis",1123918594,7.31105,-75.07513,""
"2000","Siparuna guianensis",1090558826,-22.1494,-44.095,"gass84"
"2001","Siparuna guianensis",1258976221,9.25833,-78.78611,"gass84"
"2002","Siparuna guianensis",1260077389,-3.733333,-73.233333,"cdround,gass84"
"2003","Siparuna guianensis",1257787682,9.16,-79.745555,"cdround,gass84"
"2004","Siparuna guianensis",1258976430,8.033333,-80.633333,"cdround,gass84"
"2005","Siparuna guianensis",1262255737,-3.316667,-71.85,"cdround,gass84"
"2006","Siparuna guianensis",1258976493,8.516667,-81.116667,"cdround,gass84"
"2007","Siparuna guianensis",1928224652,-14.88076,-47.5333,""
"2008","Siparuna guianensis",1258411683,9.16666,-79.1,"gass84"
"2009","Siparuna guianensis",1258976649,9.05638,-79.63861,"gass84"
"2010","Siparuna guianensis",1931173284,-7.2586,-64.7981,""
"2011","Siparuna guianensis",1931176333,-7.4667,-65.2833,""
"2012","Siparuna guianensis",1927956260,-8.89724,-65.710216,"cdround"
"2013","Siparuna guianensis",1258976022,9.20833,-80.125,"gass84"
"2014","Siparuna guianensis",1258969868,8.983056,-79.515833,"cdround,gass84"
"2015","Siparuna guianensis",1928736050,-3.022107,-59.995308,"cdround"
"2016","Siparuna guianensis",1928625505,-0.4142,-65.0192,""
"2017","Siparuna guianensis",1928139576,-0.1483,-66.9356,""
"2018","Siparuna guianensis",2236000085,-5.93,-46.52,"gass84"
"2019","Siparuna guianensis",1928608913,-18.02615,-47.80297,""
"2020","Siparuna guianensis",1840930524,-5.916667,-46.516667,"gass84"
"2021","Siparuna guianensis",1840930523,-7.5,-45.05,"gass84"
"2022","Siparuna guianensis",1929954069,-17.22555,-46.872778,"cdround"
"2023","Siparuna guianensis",1929439146,-15.74845,-47.71205,""
"2024","Siparuna guianensis",1258976576,8.98583,-79.59833,"gass84"
"2025","Siparuna guianensis",1928365707,-18.1705,-43.50525,""
"2026","Siparuna guianensis",1456018657,5.1,-67.8,"gass84"
"2027","Siparuna guianensis",1930507096,-17.57,-44.13,""
"2028","Siparuna guianensis",1123902789,0.945492,-70.411869,"cdround"
"2029","Siparuna guianensis",1258976217,8.74333,-79.83444,"gass84"
"2030","Siparuna guianensis",1456001965,3.41,-65.66,"gass84"
"2031","Siparuna guianensis",1042601437,2.416667,-60.18,"gass84,gdativ"
"2032","Siparuna guianensis",1928544596,-13.89039,-47.5,""
"2033","Siparuna guianensis",1087256755,-13.7975,-47.4583,"gass84"
"2034","Siparuna guianensis",1258976072,8.25,-81.866667,"cdround,gass84"
"2035","Siparuna guianensis",1228544162,-10.8339,-52.8731,"gass84"
"2036","Siparuna guianensis",1144778973,-5.64861,-52.53,"gass84"
"2037","Siparuna guianensis",1928744013,-2.44642615657647,-54.7091800042156,"cdrep"
"2038","Siparuna guianensis",1090572833,-11.2222,-50.6692,"gass84"
"2039","Siparuna guianensis",1928105338,-15.35,-48.63,"gass84"
"2040","Siparuna guianensis",1930200656,-12.82,-51.77,"gass84"
"2041","Siparuna guianensis",1258746320,8.62222,-80.11527,"gass84"
"2042","Siparuna guianensis",1087256767,-12.816667,-51.766667,"gass84"
"2043","Siparuna guianensis",437951230,-12.81667,-51.76667,"gass84"
"2044","Siparuna guianensis",1928681725,-7.18186,-48.2,"gass84"
"2045","Siparuna guianensis",1928465956,-8.97,-48.52,"gass84"
"2046","Siparuna guianensis",1258806982,7.78333,-77.71666,"gass84"
"2047","Siparuna guianensis",1258794165,8.85,-77.916667,"cdround,gass84"
"2048","Siparuna guianensis",1259291611,8.8,-82.183333,"cdround,gass84"
"2049","Siparuna guianensis",1260506821,-12.9,-51.86666,"gass84"
"2050","Siparuna guianensis",1931277984,-10.09946,-67.43652,"cdround"
"2051","Siparuna guianensis",1930954337,-12.9,-51.87,"gass84"
"2052","Siparuna guianensis",1424018248,-12.9,-51.866667,"cdround,gass84"
"2053","Siparuna guianensis",437295568,-12.9,-51.86667,"gass84"
"2054","Siparuna guianensis",2236163879,-12.85,-51.75,"gass84"
"2055","Siparuna guianensis",1930028588,-12.906389,-51.875,""
"2056","Siparuna guianensis",1138886161,-14.633333,-52.233333,""
"2057","Siparuna guianensis",436953018,-14.63333,-52.23333,"gass84"
"2058","Siparuna guianensis",1929122569,-9.622332,-64.940057,"cdround"
"2059","Siparuna guianensis",1928822101,-15.9381184154732,-50.1409179125103,"cdrep"
"2060","Siparuna guianensis",1931101190,-0.880931,-52.600822,"cdround"
"2061","Siparuna guianensis",1929120020,-16.298624,-39.044099,"cdround"
"2062","Siparuna guianensis",1936428207,6.9167,-74.25,"gass84"
"2063","Siparuna guianensis",1929825095,-3.664404,-60.811086,"cdround"
"2064","Siparuna guianensis",1258976528,7.912778,-80.694167,"cdround,gass84"
"2065","Siparuna guianensis",1258681915,7.783333,-80.7,"cdround,gass84"
"2066","Siparuna guianensis",1258976519,8.0525,-80.93416,"gass84"
"2067","Siparuna guianensis",1258705415,8.01666,-77.7,"gass84"
"2068","Siparuna guianensis",1258976594,9.37138,-79.87861,"gass84"
"2069","Siparuna guianensis",1258976048,8.25,-82.666667,"cdround,gass84"
"2070","Siparuna guianensis",1258976123,7.86666,-77.73333,"gass84"
"2071","Siparuna guianensis",1928547829,-14.63,-52.23,"gass84"
"2072","Siparuna guianensis",1260507124,-12.81666,-51.76666,"gass84"
"2073","Siparuna guianensis",1929050858,-15.87367,-47.9167,""
"2074","Siparuna guianensis",1931305339,-14.1167,-47.52596,""
"2075","Siparuna guianensis",1213569398,-14,-47,"gass84"
"2076","Siparuna guianensis",1928013749,-15.3,-47.38,"gass84"
"2077","Siparuna guianensis",1928976369,-16.9759,-47.6,""
"2078","Siparuna guianensis",1259061090,12.3,-84.016667,"cdround,gass84"
"2079","Siparuna guianensis",2235826390,-14,-46,"gass84"
"2080","Siparuna guianensis",2235820601,-17,-48,"gass84"
"2081","Siparuna guianensis",1928333978,-14.13,-46.37,"gass84"
"2082","Siparuna guianensis",1087256761,-14.0931,-46.3694,"gass84"
"2083","Siparuna guianensis",1930342322,-13.92,-52.08,"gass84"
"2084","Siparuna guianensis",1258976251,8.01666,-77.73333,"gass84"
"2085","Siparuna guianensis",1929404247,-15.33,-52.23,"gass84"
"2086","Siparuna guianensis",1928490206,-14.0539731868172,-52.1590428298211,"cdrep"
"2087","Siparuna guianensis",1929303716,-14.82,-52.32,"gass84"
"2088","Siparuna guianensis",1928510837,-16.47,-51.87,"gass84"
"2089","Siparuna guianensis",1087256731,-16.4269,-51.8222,"gass84"
"2090","Siparuna guianensis",1258976536,8.2,-81.733333,"cdround,gass84"
"2091","Siparuna guianensis",1258976717,8.97916,-77.775,"gass84"
"2092","Siparuna guianensis",1456380371,8.2,-61.6,"gass84"
"2093","Siparuna guianensis",1260511766,8.08333,-61.63333,"gass84"
"2094","Siparuna guianensis",1140241038,8.333333,-62,""
"2095","Siparuna guianensis",1090550182,-22.801017,-47.042331,"gass84"
"2096","Siparuna guianensis",1456042055,4.86,-52.26,"gass84"
"2097","Siparuna guianensis",1258976323,8.97722,-79.56222,"gass84"
"2098","Siparuna guianensis",1258976595,9.23333,-78.01666,"elnn,gass84"
"2099","Siparuna guianensis",2235858430,-2.55,-50.63,"gass84"
"2100","Siparuna guianensis",1258976243,9.01388,-79.6,"elnn,gass84"
"2101","Siparuna guianensis",1258976445,8.212222,-80.965,"cdround,gass84"
"2102","Siparuna guianensis",1258976347,9.16,-79.74555,"gass84"
"2103","Siparuna guianensis",1456117764,5.03,-67.76,"gass84"
"2104","Siparuna guianensis",1260508972,5.03333,-67.76666,"gass84"
"2105","Siparuna guianensis",1137865698,5.333333,-67.766667,""
"2106","Siparuna guianensis",1929886030,-15.58,-47.88,"gass84"
"2107","Siparuna guianensis",1931246317,-13.5558621281486,-52.268848305018,"cdrep"
"2108","Siparuna guianensis",1930919180,-15.894010798681,-52.2574555819269,"cdrep"
"2109","Siparuna guianensis",1929653731,-13.27,-52.57,"gass84"
"2110","Siparuna guianensis",1137864310,-13.2,-52.566667,""
"2111","Siparuna guianensis",1258976671,9.08333,-79.38333,"gass84"
"2112","Siparuna guianensis",1456173762,3.1,-56.46,"gass84"
"2113","Siparuna guianensis",1140117877,3.333333,-56.816667,""
"2114","Siparuna guianensis",1928063410,-23.1741596601934,-45.8803535288034,"cdrep"
"2115","Siparuna guianensis",2235877739,-7.53,-46.03,"gass84"
"2116","Siparuna guianensis",1456014512,5.18,-59.46,"gass84"
"2117","Siparuna guianensis",1840930447,-7.533333,-46.333333,"gass84"
"2118","Siparuna guianensis",1056370006,8.507188,-80.102665,"gass84"
"2119","Siparuna guianensis",2235789533,2.42,-51.25,"gass84"
"2120","Siparuna guianensis",1258976193,9,-79.48333,"elnn,gass84"
"2121","Siparuna guianensis",1258976370,8.958056,-79.549722,"cdround,gass84"
"2122","Siparuna guianensis",1258976457,7.95,-80.78333,"gass84"
"2123","Siparuna guianensis",1258976098,9.16666,-79.41638,"gass84"
"2124","Siparuna guianensis",1456014884,8.45,-62.42,"gass84"
"2125","Siparuna guianensis",1261497463,-6.08333,-77.15,"gass84"
"2126","Siparuna guianensis",1258976782,9.23472,-79.95805,"gass84"
"2127","Siparuna guianensis",1456411814,6.75,-63.5,"gass84"
"2128","Siparuna guianensis",1456019406,6.28,-58.71,"gass84"
"2129","Siparuna guianensis",1260289435,12.01666,-83.76666,"gass84"
"2130","Siparuna guianensis",1260289958,12.025,-83.76666,"gass84"
"2131","Siparuna guianensis",1260051448,-4.26666,-73.38333,"gass84"
"2132","Siparuna guianensis",1260051442,-8.46666,-74.66666,"gass84"
"2133","Siparuna guianensis",1138661521,-8.466667,-74.666667,""
"2134","Siparuna guianensis",1138041130,-4.316667,-73.383333,""
"2135","Siparuna guianensis",1456129356,4.61,-61.13,"gass84"
"2136","Siparuna guianensis",1258976096,8.288333,-81.871667,"cdround,gass84"
"2137","Siparuna guianensis",1456255709,5.38,-59.11,"gass84"
"2138","Siparuna guianensis",1456300002,6.51,-58.28,"gass84"
"2139","Siparuna guianensis",1456001842,3.16,-65.55,"gass84"
"2140","Siparuna guianensis",1929506496,-1.461156,-48.506461,"gass84"
"2141","Siparuna guianensis",1456369167,6.83,-63.33,"gass84"
"2142","Siparuna guianensis",1090539906,-1.4558,-48.5044,"gass84"
"2143","Siparuna guianensis",1456168241,2.92,-67.43,"gass84"
"2144","Siparuna guianensis",1456237114,3.15,-65.83,"gass84"
"2145","Siparuna guianensis",1455982927,5.23,-67.8,"gass84"
"2146","Siparuna guianensis",1042507917,-3.425,-60.03,"gass84,gdativ"
"2147","Siparuna guianensis",1456182116,3.14,-65.72,"gass84"
"2148","Siparuna guianensis",1090534625,-22.9467,-47.3158,"gass84"
"2149","Siparuna guianensis",1456109439,7.33,-65.18,"gass84"
"2150","Siparuna guianensis",1258972887,9.34666,-83.6575,"gass84"
"2151","Siparuna guianensis",1228620496,9.6667,-84,"gass84"
"2152","Siparuna guianensis",1213516410,-22.896575,-46.971422,"gass84"
"2153","Siparuna guianensis",1258976074,9.00833,-79.59166,"elnn,gass84"
"2154","Siparuna guianensis",1090533859,-22.922308,-47.169767,"gass84"
"2155","Siparuna guianensis",1456276470,5.11,-58.81,"gass84"
"2156","Siparuna guianensis",1456079947,2.08,-59.25,"gass84"
"2157","Siparuna guianensis",1141174494,1.583333,-58.633333,""
"2158","Siparuna guianensis",1258975975,9.15472,-79.84805,"gass84"
"2159","Siparuna guianensis",1260507145,-1.3625,-50.808333,"cdround,gass84"
"2160","Siparuna guianensis",1928478580,-20.761343,-42.868031,"cdround"
"2161","Siparuna guianensis",1456312886,5.45,-55.2,"gass84"
"2162","Siparuna guianensis",1139330502,-9.333333,-69,""
"2163","Siparuna guianensis",1258975953,9.17805,-79.84361,"elnn,gass84"
"2164","Siparuna guianensis",1930422275,-1.456347,-45.727887,"cdround"
"2165","Siparuna guianensis",1929013626,-18.3845788223931,-44.4566473127112,"cdrep"
"2166","Siparuna guianensis",1260512903,6.33333,-61.15,"gass84"
"2167","Siparuna guianensis",1258975880,9.15,-79.85,"gass84"
"2168","Siparuna guianensis",1928668311,-20.758024038568,-42.8818438826343,"cdrep"
"2169","Siparuna guianensis",1930096693,-0.25,-65.92,"gass84"
"2170","Siparuna guianensis",1929911928,-0.4189,-65.0172,""
"2171","Siparuna guianensis",1930852050,-1.17022,-51.41078,"cdround"
"2172","Siparuna guianensis",1929613110,-1.12,-48.4,"gass84"
"2173","Siparuna guianensis",1260062461,-7.183333,-76.75,"cdround,gass84"
"2174","Siparuna guianensis",1929859970,-15.432,-55.77825,""
"2175","Siparuna guianensis",1456186123,6.38,-58.68,"gass84"
"2176","Siparuna guianensis",1260510461,8.16666,-60,"gass84"
"2177","Siparuna guianensis",1456127129,8.16,-59.98,"gass84"
"2178","Siparuna guianensis",1260513012,8.33333,-59.66666,"gass84"
"2179","Siparuna guianensis",1456035758,8.3,-59.7,"gass84"
"2180","Siparuna guianensis",1456441363,5.16,-59.48,"gass84"
"2181","Siparuna guianensis",1456478991,6.41,-58.61,"gass84"
"2182","Siparuna guianensis",1456257781,5.31,-55.26,"gass84"
"2183","Siparuna guianensis",1456297874,4.93,-52.33,"gass84"
"2184","Siparuna guianensis",1456468597,5.36,-59,"gass84"
"2185","Siparuna guianensis",1456345747,5.98,-58.55,"gass84"
"2186","Siparuna guianensis",1456407150,7.7,-58.93,"gass84"
"2187","Siparuna guianensis",1456283239,6.4,-58.65,"gass84"
"2188","Siparuna guianensis",1089155401,-6.803333,-35.080278,"gass84"
"2189","Siparuna guianensis",1455982431,8.57,-61.65,"gass84"
"2190","Siparuna guianensis",1929602952,-10.779865,-65.346537,"cdround"
"2191","Siparuna guianensis",1890952242,3.834637,-73.175114,""
"2192","Siparuna guianensis",1890952191,4.091185,-73.487997,""
"2193","Siparuna guianensis",1456153464,5.6,-53.8,"gass84"
"2194","Siparuna guianensis",1258976770,9.15,-80.1,"gass84"
"2195","Siparuna guianensis",2236138361,-14.77,-39.07,"gass84"
"2196","Siparuna guianensis",1228459223,7.0758,-65.9119,"gass84"
"2197","Siparuna guianensis",1228526427,3.8558,-52.9708,"gass84"
"2198","Siparuna guianensis",1228412934,-9.1839,-74.14,"gass84"
"2199","Siparuna guianensis",1228545517,5,-59,"gass84"
"2200","Siparuna guianensis",1090151478,-1.517772,-48.6195,"gass84"
"2201","Siparuna guianensis",1258755593,-13.6,-61,"gass84"
"2202","Siparuna guianensis",1228452070,-23.2025,-58.1689,"gass84"
"2203","Siparuna guianensis",1890994111,7.570707,-76.724443,""
"2204","Siparuna guianensis",1228389447,-16.7261,-64.435,"gass84"
"2205","Siparuna guianensis",1260512688,6.45,-65.86666,"gass84"
"2206","Siparuna guianensis",1090153353,-2.945972,-48.954247,"gass84"
"2207","Siparuna guianensis",1228452619,3.8811,-72.8667,"gass84"
"2208","Siparuna guianensis",1258758131,-18.10833,-63.95,"gass84"
"2209","Siparuna guianensis",1891006537,4.5614,-73.3526,"cdround"
"2210","Siparuna guianensis",1090151786,-1.625278,-48.954194,"gass84"
"2211","Siparuna guianensis",1424280816,-22.536944,-42.909444,"cdround,gass84"
"2212","Siparuna guianensis",1936287665,-15.075278,-68.465833,"cdround,gass84"
"2213","Siparuna guianensis",1890923607,6.40639,-77.33499,""
"2214","Siparuna guianensis",1089291563,-12.3,-60.383333,"gass84"
"2215","Siparuna guianensis",1090151428,-1.884672,-48.765244,"gass84"
"2216","Siparuna guianensis",1213529567,-2.450628,-54.700922,"gass84"
"2217","Siparuna guianensis",730281659,8.962028,-83.157694,"cdround,gass84"
"2218","Siparuna guianensis",1890993479,6.10193,-69.973265,""
"2219","Siparuna guianensis",1090153433,-4.241825,-55.978725,"gass84"
"2220","Siparuna guianensis",1228584338,4.1006,-55.625,"gass84"
"2221","Siparuna guianensis",1090152139,-1.434167,-48.410556,"gass84"
"2222","Siparuna guianensis",1249230570,6.082222,-74.821944,"cdround"
"2223","Siparuna guianensis",1890999853,5.93572,-74.84932,""
"2224","Siparuna guianensis",1090155052,-6.060114,-56.382422,"gass84"
"2225","Siparuna guianensis",1144778974,9.18667,-79.1025,"gass84,rdativ"
"2226","Siparuna guianensis",1424442896,-22.577222,-42.845833,"cdround,gass84"
"2227","Siparuna guianensis",1090150697,-6.618972,-44.608611,"gass84"
"2228","Siparuna guianensis",1090153578,-1.355306,-48.263139,"gass84"
"2229","Siparuna guianensis",2005003066,-1.119444,-48.400556,"gass84"
"2230","Siparuna guianensis",1928900747,-21.4099240455987,-48.5049274476195,"cdrep"
"2231","Siparuna guianensis",614547708,8.963556,-83.147944,"cdround,gass84"
"2232","Siparuna guianensis",1456202456,5.51,-53.96,"gass84"
"2233","Siparuna guianensis",1090511912,-14.499722,-39.115,"gass84"
"2234","Siparuna guianensis",1090150820,-1.900486,-48.768172,"gass84"
"2235","Siparuna guianensis",1090151180,-1.414194,-48.398556,"gass84"
"2236","Siparuna guianensis",1090153849,-2.134386,-47.555697,"gass84"
"2237","Siparuna guianensis",1090155201,-0.958772,-47.116725,"gass84"
"2238","Siparuna guianensis",1424442862,-22.515,-42.730278,"cdround,gass84"
"2239","Siparuna guianensis",1087256779,-13.1925,-53.327861,"gass84"
"2240","Siparuna guianensis",1258756991,-17.5,-63.6,"gass84"
"2241","Siparuna guianensis",1144778966,-23,-56,"gass84,rdativ"
"2242","Siparuna guianensis",1249229081,6.087,-75.339,""
"2243","Siparuna guianensis",1890923504,5.715586,-76.649489,""
"2244","Siparuna guianensis",1087256788,0,-47.708333,"gass84"
"2245","Siparuna guianensis",1090152326,-2.4375,-54.698333,"gass84"
"2246","Siparuna guianensis",1090150680,-1.619222,-48.976167,"gass84"
"2247","Siparuna guianensis",1090151238,-1.982778,-51.637778,"gass84"
"2248","Siparuna guianensis",2235940082,-2.88,-59.97,"gass84"
"2249","Siparuna guianensis",1090150616,-6.398783,-48.571944,"gass84"
"2250","Siparuna guianensis",1140153719,-0.516667,-76.383333,"rdativ"
